TASK          G_EPOCH_NUM CLIENT_NUM L_DATA_NUM L_EPOCH_NUM L_BATCH_SIZE L_LR SIGMA
SpeechCommand          500          3       6000           5           10 0.01    -1
TASK          G_EPOCH_NUM CLIENT_NUM L_DATA_NUM L_EPOCH_NUM L_BATCH_SIZE L_LR SIGMA
SpeechCommand          500          3       6000           5           10 0.01    -1
TASK          G_EPOCH_NUM CLIENT_NUM L_DATA_NUM L_EPOCH_NUM L_BATCH_SIZE L_LR SIGMA
SpeechCommand          500          3       6000           5           10 0.01    -1
0.10426 0.08884 0.08664 0.08706 0.08451 0.08323 0.08259 0.08591 0.08262 0.08595 0.08459 0.08479 0.08397 0.08570 0.08448 0.08222 0.08219 0.08288 0.08380 0.08332 0.08334 0.08464 0.08056 0.08594 0.08441 0.08114 0.08110 0.08233 0.08309 0.08213 0.08211 0.08349 0.08491 0.08272 0.08215 0.08150 0.08198 0.08390 0.08309 0.08556 0.08106 0.08150 0.08435 0.08293 0.08309 0.08329 0.08451 0.08112 0.08156 0.08286 
TASK          G_EPOCH_NUM CLIENT_NUM L_DATA_NUM L_EPOCH_NUM L_BATCH_SIZE L_LR SIGMA
SpeechCommand          500          4       6000           5           10 0.01    -1
0.09432 0.08741 0.08240 0.08145 0.08075 0.07796 0.07875 0.07976 0.07741 0.07843 0.07810 0.07671 0.07886 0.07700 0.07735 0.07699 0.07723 0.07754 0.07959 0.07641 0.07990 0.07627 0.07445 0.07609 0.07451 0.07552 0.07605 0.07619 0.07552 0.07601 0.07549 0.07351 0.07421 0.07449 0.07468 0.07420 0.07350 0.07255 0.07162 0.07484 0.07612 0.07280 0.07297 0.07312 0.07158 0.07406 0.07245 0.07619 0.07545 0.07185 
TASK          G_EPOCH_NUM CLIENT_NUM L_DATA_NUM L_EPOCH_NUM L_BATCH_SIZE L_LR SIGMA
SpeechCommand          500          5       6000           5           10 0.01    -1
0.08893 0.08008 0.07620 0.07430 0.07635 0.07322 0.07465 0.07100 0.07191 0.07133 0.07220 0.07157 0.07237 0.07226 0.07238 0.07217 0.07008 0.07185 0.07232 0.07397 0.07129 0.07220 0.07276 0.07309 0.07091 0.07181 0.07147 0.07128 0.07216 0.07309 0.07268 0.06893 0.07005 0.07037 0.07300 0.07167 0.07010 0.07045 0.06930 0.07164 0.07011 0.07095 0.07089 0.07045 0.07038 0.07018 0.07386 0.07144 0.07270 0.06937 
TASK          G_EPOCH_NUM CLIENT_NUM L_DATA_NUM L_EPOCH_NUM L_BATCH_SIZE L_LR SIGMA
SpeechCommand          500          6       6000           5           10 0.01    -1
0.09062 0.07970 0.07705 0.07538 0.07421 0.07433 0.07377 0.07523 0.07211 0.07518 0.07361 0.07227 0.07108 0.07199 0.07300 0.07262 0.07413 0.07215 0.07279 0.07187 0.07097 0.06943 0.06873 0.07223 0.06999 0.07139 0.07071 0.07051 0.07015 0.06969 0.06870 0.06947 0.07058 0.06967 0.07084 0.07026 0.07140 0.06962 0.07115 0.06945 0.07051 0.07104 TASK          G_EPOCH_NUM CLIENT_NUM L_DATA_NUM L_EPOCH_NUM L_BATCH_SIZE L_LR SIGMA
SpeechCommand          500          6       6000           5           10 0.01    -1
