TASK          G_EPOCH_NUM CLIENT_NUM L_DATA_NUM L_EPOCH_NUM L_BATCH_SIZE L_LR SIGMA
SpeechCommand          500          3       6000           5           10 0.01    -1
TASK          G_EPOCH_NUM CLIENT_NUM L_DATA_NUM L_EPOCH_NUM L_BATCH_SIZE L_LR SIGMA
SpeechCommand          500          3       6000           5           10 0.01    -1
TASK          G_EPOCH_NUM CLIENT_NUM L_DATA_NUM L_EPOCH_NUM L_BATCH_SIZE L_LR SIGMA
SpeechCommand          500          3       6000           5           10 0.01    -1
0.09676 0.08970 0.08574 0.08569 0.08461 0.08528 0.08394 0.08145 0.08029 0.08074 0.08212 0.08162 0.08082 0.08159 0.07903 0.07960 0.08125 0.08082 0.08183 0.08466 0.07850 0.08056 0.08247 0.08072 0.08004 0.08030 0.07633 0.08045 0.07826 0.07941 0.07930 0.07844 0.07888 0.07881 0.07977 0.07873 0.07960 0.07850 0.07772 0.08135 0.07872 0.07847 0.07799 0.07802 0.07754 0.07763 0.07765 0.07673 0.07715 0.07660 
TASK          G_EPOCH_NUM CLIENT_NUM L_DATA_NUM L_EPOCH_NUM L_BATCH_SIZE L_LR SIGMA
SpeechCommand          500          4       6000           5           10 0.01    -1
0.09268 0.08001 0.08101 0.07700 0.07807 0.07657 0.07717 0.07630 0.07274 0.07658 0.07390 0.07467 0.07533 0.07373 0.07610 0.07509 0.07333 0.07461 0.07283 0.07113 0.07511 0.07372 0.07556 0.07222 0.07240 0.07498 0.07215 0.07498 0.07282 0.07137 0.07267 0.07342 0.07480 0.07514 0.07420 0.07299 0.07411 0.07302 0.07397 0.07342 0.07611 0.07225 0.07494 0.07250 0.07283 0.07228 0.07292 0.07238 0.07353 0.07346 
TASK          G_EPOCH_NUM CLIENT_NUM L_DATA_NUM L_EPOCH_NUM L_BATCH_SIZE L_LR SIGMA
SpeechCommand          500          5       6000           5           10 0.01    -1
0.09119 0.07897 0.07828 0.07499 0.07376 0.07513 0.07459 0.07159 0.07115 0.07142 0.07211 0.07344 0.07195 0.07130 0.07026 0.07149 0.07202 0.07220 0.07279 0.07251 0.07392 0.07393 0.07278 0.07094 0.07021 0.07149 0.07369 0.07146 0.07114 0.07158 0.07030 0.07338 0.07093 0.07124 0.07053 0.07085 0.07138 0.07387 0.06939 0.07179 0.07040 0.07208 0.06909 0.07229 0.07057 0.07077 0.06988 0.06837 0.07209 0.07111 
TASK          G_EPOCH_NUM CLIENT_NUM L_DATA_NUM L_EPOCH_NUM L_BATCH_SIZE L_LR SIGMA
SpeechCommand          500          6       6000           5           10 0.01    -1
0.08782 0.07791 0.07628 0.07483 0.07367 0.07355 0.07404 0.07233 0.07302 0.07194 0.07437 0.07285 0.06992 0.07158 0.07000 0.07089 0.06966 0.07045 0.07020 0.06889 0.07102 0.07126 0.06941 0.07063 0.07097 0.07166 0.07009 0.06992 0.07021 0.06977 0.07088 0.06945 0.07075 0.07156 0.06944 0.07155 0.06840 0.07189 0.07195 0.07148 0.06833 TASK          G_EPOCH_NUM CLIENT_NUM L_DATA_NUM L_EPOCH_NUM L_BATCH_SIZE L_LR SIGMA

TASK          G_EPOCH_NUM CLIENT_NUM L_DATA_NUM L_EPOCH_NUM L_BATCH_SIZE L_LR SIGMA
SpeechCommand          500          6       6000           5           10 0.01    -1
0.08821 0.07915 0.07568 0.07582 0.07500 0.07412 0.07332 0.07306 0.07393 0.07457 0.07372 0.07485 0.07321 0.07522 0.07309 0.07348 0.07263 0.07258 0.07346 0.07238 0.07233 0.07272 0.07357 0.07358 0.07206 0.07244 0.07269 0.07341 0.07660 0.07097 0.07061 0.06978 0.07144 0.07219 0.07041 0.07056 0.06993 0.07063 0.07179 0.07204 0.06791 0.07341 0.06958 0.06891 0.06958 0.06987 0.07022 0.07029 0.06760 0.07008 
TASK          G_EPOCH_NUM CLIENT_NUM L_DATA_NUM L_EPOCH_NUM L_BATCH_SIZE L_LR SIGMA
SpeechCommand          500          7       6000           5           10 0.01    -1
0.08564 0.07753 0.07576 0.07363 0.07221 0.07095 0.07251 0.07160 0.07027 0.07055 0.07193 0.07097 0.07018 0.06860 0.06938 0.06960 0.06967 0.06767 0.06992 0.06945 0.07027 0.06702 0.06983 0.06806 0.06899 0.06844 0.06667 0.06863 0.06888 0.06963 0.06820 0.06891 0.06853 0.07007 0.06809 0.06861 0.07011 0.06833 0.06861 0.06835 0.06875 0.06769 0.06806 0.06818 0.06705 0.06975 0.06913 0.06923 0.06846 0.06702 
TASK          G_EPOCH_NUM CLIENT_NUM L_DATA_NUM L_EPOCH_NUM L_BATCH_SIZE L_LR SIGMA
SpeechCommand          500          3       6000           5           10 0.01    -1
TASK          G_EPOCH_NUM CLIENT_NUM L_DATA_NUM L_EPOCH_NUM L_BATCH_SIZE L_LR SIGMA
SpeechCommand          500          3       6000           5           10 0.01    -1
TASK          G_EPOCH_NUM CLIENT_NUM L_DATA_NUM L_EPOCH_NUM L_BATCH_SIZE L_LR SIGMA
SpeechCommand          500          3       6000           5           10 0.01    -1
0.11562 TASK          G_EPOCH_NUM CLIENT_NUM L_DATA_NUM L_EPOCH_NUM L_BATCH_SIZE L_LR SIGMA
SpeechCommand          300          3       6000           5           10 0.01    -1
0.12006 0.09826 0.09361 0.09159 0.08861 0.08596 0.08836 0.08509 0.08489 0.08777 0.08257 0.08581 0.08482 0.08363 0.08140 0.08725 0.08568 0.08306 0.08070 0.08114 0.08674 0.08367 0.08382 0.08463 0.08229 0.08301 0.08309 0.08120 0.08283 0.08567 
TASK          G_EPOCH_NUM CLIENT_NUM L_DATA_NUM L_EPOCH_NUM L_BATCH_SIZE L_LR SIGMA
SpeechCommand          300          4       6000           5           10 0.01    -1
0.09988 0.08362 0.08195 0.07999 0.07876 0.07984 0.08026 0.07716 0.07828 0.07805 0.07832 0.07892 0.07873 0.07619 0.07704 0.07834 0.07830 0.07835 0.07580 0.07964 0.07798 0.07901 0.07620 0.07914 0.07951 0.07805 0.07677 0.07708 0.07543 0.07596 
TASK          G_EPOCH_NUM CLIENT_NUM L_DATA_NUM L_EPOCH_NUM L_BATCH_SIZE L_LR SIGMA
SpeechCommand          300          5       6000           5           10 0.01    -1
0.10884 0.08959 0.08282 0.07840 0.07697 0.07782 0.07905 0.07843 0.07813 0.07775 0.07632 0.07747 0.07544 0.07795 0.07707 0.07510 0.07493 0.07584 0.07487 0.07530 0.07498 0.07530 0.07506 0.07377 0.07541 0.07508 0.07300 0.07254 0.07329 0.07238 
TASK          G_EPOCH_NUM CLIENT_NUM L_DATA_NUM L_EPOCH_NUM L_BATCH_SIZE L_LR SIGMA
SpeechCommand          300          6       6000           5           10 0.01    -1
0.09264 0.07943 0.07634 0.07487 0.07324 0.07374 0.07258 0.07286 0.07462 0.07154 0.07203 0.07073 0.07112 0.07102 0.07028 0.06873 0.07309 0.06917 0.07036 0.06898 0.06915 0.06768 0.07232 0.06938 0.06939 0.07001 0.06900 0.06881 0.07080 0.06887 
TASK          G_EPOCH_NUM CLIENT_NUM L_DATA_NUM L_EPOCH_NUM L_BATCH_SIZE L_LR SIGMA
SpeechCommand          300          7       6000           5           10 0.01    -1
0.09988 0.08156 0.07999 0.07721 0.07760 0.07490 0.07491 0.07663 0.07632 0.07565 0.07466 0.07616 0.07457 0.07362 0.07287 0.07330 0.07285 0.07303 0.07345 0.07230 0.07167 0.07050 0.07180 0.06990 0.07099 0.07218 0.07056 0.07058 0.06907 0.06945 
TASK          G_EPOCH_NUM CLIENT_NUM L_DATA_NUM L_EPOCH_NUM L_BATCH_SIZE L_LR SIGMA
SpeechCommand          300          3       6000           5           50 0.01    -1
0.02112 0.02031 0.02110 0.01966 0.02119 0.01977 0.02013 TASK          G_EPOCH_NUM CLIENT_NUM L_DATA_NUM L_EPOCH_NUM L_BATCH_SIZE L_LR SIGMA
SpeechCommand          300          3       6000           5           50 0.01    -1
0.02038 0.02037 0.01994 0.02123 0.02078 0.02068 0.02123 0.02104 0.02132 0.02176 TASK          G_EPOCH_NUM CLIENT_NUM L_DATA_NUM L_EPOCH_NUM L_BATCH_SIZE L_LR SIGMA
SpeechCommand          300          3       6000           5           50 0.01    -1
0.01947 0.01967 0.02070 0.02061 0.02037 TASK          G_EPOCH_NUM CLIENT_NUM L_DATA_NUM L_EPOCH_NUM L_BATCH_SIZE L_LR SIGMA
SpeechCommand          300          3       6000           5           50 0.01    -1
0.02010 0.02000 0.02052 0.02063 0.01983 0.01982 0.02021 0.01966 0.02075 0.02061 0.01938 0.02044 0.01960 0.02002 0.02035 0.01923 0.01944 0.02026 0.01980 0.01963 0.01967 0.01994 0.02023 0.02026 0.02133 0.01976 0.01946 0.02035 0.01971 0.01997 
TASK          G_EPOCH_NUM CLIENT_NUM L_DATA_NUM L_EPOCH_NUM L_BATCH_SIZE L_LR SIGMA
SpeechCommand          300          4       6000           5           50 0.01    -1
0.01793 0.01701 0.01672 0.01706 0.01744 0.01661 0.01645 0.01716 0.01670 0.01645 0.01664 0.01668 0.01600 0.01670 0.01706 0.01646 0.01653 0.01710 0.01686 0.01681 0.01650 0.01700 0.01660 0.01641 0.01668 0.01626 0.01714 0.01608 0.01683 0.01706 
TASK          G_EPOCH_NUM CLIENT_NUM L_DATA_NUM L_EPOCH_NUM L_BATCH_SIZE L_LR SIGMA
SpeechCommand          300          5       6000           5           50 0.01    -1
0.01621 0.01471 0.01466 0.01447 0.01431 0.01425 0.01417 0.01422 0.01443 0.01471 0.01417 0.01442 0.01394 0.01437 0.01421 0.01438 0.01413 0.01463 0.01423 0.01423 0.01428 0.01412 0.01429 0.01466 0.01396 0.01418 0.01461 0.01396 0.01420 0.01377 
TASK          G_EPOCH_NUM CLIENT_NUM L_DATA_NUM L_EPOCH_NUM L_BATCH_SIZE L_LR SIGMA
SpeechCommand          300          6       6000           5           50 0.01    -1
0.01645 0.01444 0.01420 0.01381 0.01378 0.01349 0.01329 0.01329 0.01309 0.01282 0.01269 0.01266 0.01247 0.01257 0.01272 0.01295 0.01263 0.01256 0.01261 0.01231 0.01242 0.01251 0.01221 0.01229 0.01227 0.01245 0.01230 0.01208 0.01195 0.01208 
TASK          G_EPOCH_NUM CLIENT_NUM L_DATA_NUM L_EPOCH_NUM L_BATCH_SIZE L_LR SIGMA
SpeechCommand          300          7       6000           5           50 0.01    -1
0.01523 0.01357 0.01302 0.01294 0.01274 0.01262 0.01268 0.01253 0.01222 0.01203 0.01235 0.01245 0.01205 0.01226 0.01235 0.01223 0.01227 0.01224 0.01231 0.01216 0.01233 0.01232 0.01225 0.01244 0.01242 0.01205 0.01229 0.01203 0.01233 0.01210 
