TASK          G_EPOCH_NUM CLIENT_NUM L_DATA_NUM L_EPOCH_NUM L_BATCH_SIZE L_LR SIGMA
SpeechCommand          500          3       6000           5           10 0.01    -1
TASK          G_EPOCH_NUM CLIENT_NUM L_DATA_NUM L_EPOCH_NUM L_BATCH_SIZE L_LR SIGMA
SpeechCommand          500          3       6000           5           10 0.01    -1
TASK          G_EPOCH_NUM CLIENT_NUM L_DATA_NUM L_EPOCH_NUM L_BATCH_SIZE L_LR SIGMA
SpeechCommand          500          3       6000           5           10 0.01    -1
0.71322 0.74003 0.75093 0.75311 0.75320 0.75039 0.75875 0.76765 0.77074 0.76756 0.76493 0.76629 0.76947 0.76720 0.77347 0.77274 0.77219 0.77083 0.76701 0.75756 0.77674 0.77029 0.76465 0.77256 0.77247 0.77219 0.78473 0.77174 0.77865 0.77074 0.77401 0.77428 0.77828 0.77901 0.77374 0.77565 0.77365 0.77374 0.77537 0.77020 0.77683 0.77610 0.77565 0.78055 0.78246 0.77992 0.78101 0.78428 0.78283 0.78419 
TASK          G_EPOCH_NUM CLIENT_NUM L_DATA_NUM L_EPOCH_NUM L_BATCH_SIZE L_LR SIGMA
SpeechCommand          500          4       6000           5           10 0.01    -1
0.72640 0.76838 0.76556 0.77928 0.77447 0.77974 0.77347 0.77665 0.78791 0.77919 0.78746 0.78210 0.78074 0.78483 0.77937 0.78346 0.78946 0.78900 0.79328 0.79573 0.78210 0.78483 0.77756 0.79282 0.79019 0.78237 0.79555 0.78319 0.79019 0.78755 0.78573 0.78710 0.78519 0.78155 0.78746 0.78882 0.78383 0.78828 0.78573 0.78773 0.78264 0.79064 0.78137 0.79100 0.78837 0.79309 0.79119 0.79282 0.79137 0.78746 
TASK          G_EPOCH_NUM CLIENT_NUM L_DATA_NUM L_EPOCH_NUM L_BATCH_SIZE L_LR SIGMA
SpeechCommand          500          5       6000           5           10 0.01    -1
0.73330 0.77374 0.77419 0.78528 0.78646 0.78819 0.78791 0.79918 0.79864 0.79855 0.79364 0.79100 0.79609 0.80027 0.80182 0.79300 0.79727 0.79391 0.79010 0.79273 0.78673 0.78919 0.78973 0.79891 0.80055 0.79500 0.78801 0.79709 0.79627 0.79945 0.80345 0.78900 0.79855 0.79982 0.80036 0.79809 0.79927 0.79300 0.80445 0.79355 0.80018 0.79573 0.80500 0.79591 0.80118 0.79755 0.80018 0.80636 0.79400 0.79918 
TASK          G_EPOCH_NUM CLIENT_NUM L_DATA_NUM L_EPOCH_NUM L_BATCH_SIZE L_LR SIGMA
SpeechCommand          500          6       6000           5           10 0.01    -1
0.74085 0.77383 0.77574 0.78010 0.78619 0.78701 0.78573 0.79091 0.78791 0.79010 0.78283 0.79364 0.79991 0.79428 0.79818 0.79855 0.79864 0.79855 0.79646 0.80363 0.79655 0.79518 0.80073 0.79736 0.79200 0.79000 0.79964 0.79846 0.79982 0.80018 0.79900 0.79945 0.79791 0.79637 0.80018 0.79655 0.80791 0.79664 0.79518 0.79827 0.80427 TASK          G_EPOCH_NUM CLIENT_NUM L_DATA_NUM L_EPOCH_NUM L_BATCH_SIZE L_LR SIGMA

TASK          G_EPOCH_NUM CLIENT_NUM L_DATA_NUM L_EPOCH_NUM L_BATCH_SIZE L_LR SIGMA
SpeechCommand          500          6       6000           5           10 0.01    -1
0.74212 0.76974 0.78046 0.78174 0.78410 0.78810 0.78701 0.78710 0.78746 0.78001 0.78437 0.78419 0.78719 0.78110 0.78592 0.78346 0.78755 0.79100 0.78882 0.78846 0.79010 0.79091 0.78519 0.78601 0.78728 0.79182 0.79182 0.78519 0.78110 0.79736 0.79418 0.80118 0.79355 0.79000 0.79500 0.79955 0.79936 0.79591 0.79509 0.79164 0.80345 0.78882 0.79864 0.80236 0.79918 0.79873 0.80009 0.79655 0.80373 0.80055 
TASK          G_EPOCH_NUM CLIENT_NUM L_DATA_NUM L_EPOCH_NUM L_BATCH_SIZE L_LR SIGMA
SpeechCommand          500          7       6000           5           10 0.01    -1
0.75020 0.77774 0.78083 0.78383 0.79146 0.79464 0.79128 0.78900 0.79300 0.79764 0.79482 0.79400 0.79682 0.80036 0.80000 0.80091 0.79855 0.80300 0.79918 0.80227 0.79755 0.80990 0.80291 0.80881 0.80491 0.80672 0.80981 0.80700 0.80363 0.80191 0.80209 0.80518 0.80636 0.80254 0.80473 0.80400 0.80127 0.80400 0.80418 0.80627 0.80127 0.80500 0.80981 0.81100 0.81236 0.79982 0.79509 0.79991 0.80618 0.81181 
TASK          G_EPOCH_NUM CLIENT_NUM L_DATA_NUM L_EPOCH_NUM L_BATCH_SIZE L_LR SIGMA
SpeechCommand          500          3       6000           5           10 0.01    -1
TASK          G_EPOCH_NUM CLIENT_NUM L_DATA_NUM L_EPOCH_NUM L_BATCH_SIZE L_LR SIGMA
SpeechCommand          500          3       6000           5           10 0.01    -1
TASK          G_EPOCH_NUM CLIENT_NUM L_DATA_NUM L_EPOCH_NUM L_BATCH_SIZE L_LR SIGMA
SpeechCommand          500          3       6000           5           10 0.01    -1
0.66579 TASK          G_EPOCH_NUM CLIENT_NUM L_DATA_NUM L_EPOCH_NUM L_BATCH_SIZE L_LR SIGMA
SpeechCommand          300          3       6000           5           10 0.01    -1
0.64534 0.71758 0.73394 0.74130 0.75139 0.75175 0.75293 0.75975 0.76265 0.75248 0.77001 0.76247 0.75711 0.76056 0.76892 0.75429 0.75956 0.76938 0.77419 0.76856 0.75793 0.76165 0.76665 0.76947 0.77347 0.76920 0.77029 0.77183 0.77256 0.76429 
TASK          G_EPOCH_NUM CLIENT_NUM L_DATA_NUM L_EPOCH_NUM L_BATCH_SIZE L_LR SIGMA
SpeechCommand          300          4       6000           5           10 0.01    -1
0.70841 0.76084 0.77101 0.77238 0.76711 0.77256 0.76920 0.78219 0.77865 0.77474 0.77992 0.77328 0.77628 0.78219 0.78092 0.77946 0.78019 0.77928 0.78582 0.77056 0.77901 0.77474 0.78464 0.77783 0.77356 0.78246 0.78264 0.78355 0.78601 0.78619 
TASK          G_EPOCH_NUM CLIENT_NUM L_DATA_NUM L_EPOCH_NUM L_BATCH_SIZE L_LR SIGMA
SpeechCommand          300          5       6000           5           10 0.01    -1
0.67488 0.73912 0.75802 0.77074 0.78101 0.77819 0.77092 0.77692 0.77674 0.77565 0.77865 0.77846 0.78755 0.77719 0.78174 0.78655 0.79082 0.78628 0.78610 0.78537 0.78546 0.78773 0.78655 0.78873 0.78292 0.78428 0.79473 0.79609 0.79037 0.79537 
TASK          G_EPOCH_NUM CLIENT_NUM L_DATA_NUM L_EPOCH_NUM L_BATCH_SIZE L_LR SIGMA
SpeechCommand          300          6       6000           5           10 0.01    -1
0.72949 0.77283 0.78337 0.78501 0.78555 0.78873 0.79491 0.79182 0.78564 0.79955 0.79373 0.80091 0.79800 0.79800 0.80082 0.80582 0.79591 0.80400 0.80382 0.80691 0.80691 0.80800 0.79818 0.80318 0.80436 0.79900 0.80909 0.80273 0.80127 0.80454 
TASK          G_EPOCH_NUM CLIENT_NUM L_DATA_NUM L_EPOCH_NUM L_BATCH_SIZE L_LR SIGMA
SpeechCommand          300          7       6000           5           10 0.01    -1
0.70940 0.76483 0.76692 0.77901 0.77383 0.78410 0.78228 0.78046 0.77828 0.78119 0.78546 0.78119 0.78582 0.78737 0.78937 0.79010 0.79428 0.79237 0.78964 0.79155 0.79264 0.79655 0.79473 0.79873 0.79364 0.79137 0.79791 0.79846 0.80345 0.80254 
TASK          G_EPOCH_NUM CLIENT_NUM L_DATA_NUM L_EPOCH_NUM L_BATCH_SIZE L_LR SIGMA
SpeechCommand          300          3       6000           5           50 0.01    -1
0.73085 0.75938 0.76592 0.77919 0.76965 0.77910 0.78074 TASK          G_EPOCH_NUM CLIENT_NUM L_DATA_NUM L_EPOCH_NUM L_BATCH_SIZE L_LR SIGMA
SpeechCommand          300          3       6000           5           50 0.01    -1
0.78183 0.74157 0.78110 0.75602 0.77510 0.76747 0.77438 0.76347 0.77238 0.76620 TASK          G_EPOCH_NUM CLIENT_NUM L_DATA_NUM L_EPOCH_NUM L_BATCH_SIZE L_LR SIGMA
SpeechCommand          300          3       6000           5           50 0.01    -1
0.73721 0.76284 0.76393 0.77083 0.77392 TASK          G_EPOCH_NUM CLIENT_NUM L_DATA_NUM L_EPOCH_NUM L_BATCH_SIZE L_LR SIGMA
SpeechCommand          300          3       6000           5           50 0.01    -1
0.73430 0.76256 0.76611 0.77038 0.77746 0.77674 0.77856 0.78601 0.77647 0.76956 0.78692 0.78510 0.78419 0.78283 0.77401 0.78592 0.78919 0.78328 0.78919 0.78564 0.78619 0.78128 0.78773 0.78328 0.78255 0.78337 0.78910 0.78501 0.78555 0.78373 
TASK          G_EPOCH_NUM CLIENT_NUM L_DATA_NUM L_EPOCH_NUM L_BATCH_SIZE L_LR SIGMA
SpeechCommand          300          4       6000           5           50 0.01    -1
0.75911 0.78628 0.79691 0.79309 0.79291 0.80127 0.80045 0.79982 0.79936 0.80745 0.80863 0.80763 0.81572 0.80918 0.80518 0.80909 0.80836 0.80654 0.80418 0.80436 0.80872 0.80609 0.80900 0.81081 0.80691 0.80818 0.80363 0.81354 0.80945 0.80645 
TASK          G_EPOCH_NUM CLIENT_NUM L_DATA_NUM L_EPOCH_NUM L_BATCH_SIZE L_LR SIGMA
SpeechCommand          300          5       6000           5           50 0.01    -1
0.77919 0.80818 0.81826 0.81599 0.82026 0.82699 0.82708 0.82753 0.82535 0.82217 0.82726 0.82526 0.83226 0.82826 0.82735 0.82408 0.83099 0.82535 0.82508 0.82762 0.82653 0.83108 0.83071 0.82444 0.83435 0.82653 0.82935 0.82935 0.82953 0.83507 
TASK          G_EPOCH_NUM CLIENT_NUM L_DATA_NUM L_EPOCH_NUM L_BATCH_SIZE L_LR SIGMA
SpeechCommand          300          6       6000           5           50 0.01    -1
0.77174 0.80854 0.81681 0.82399 0.82172 0.82935 0.83326 0.83326 0.83635 0.83598 0.84153 0.84207 0.84234 0.84225 0.84289 0.83571 0.83953 0.84253 0.84089 0.84016 0.84225 0.84007 0.84434 0.84480 0.84652 0.84198 0.84389 0.84880 0.84816 0.84507 
TASK          G_EPOCH_NUM CLIENT_NUM L_DATA_NUM L_EPOCH_NUM L_BATCH_SIZE L_LR SIGMA
SpeechCommand          300          7       6000           5           50 0.01    -1
0.78601 0.81572 0.82890 0.82817 0.83280 0.83344 0.83135 0.83671 0.83971 0.83916 0.83944 0.83844 0.84280 0.84262 0.84234 0.84298 0.84098 0.84262 0.84107 0.84153 0.84234 0.84407 0.84298 0.84343 0.84389 0.84552 0.84443 0.84443 0.84516 0.84498 
