TASK          G_EPOCH_NUM CLIENT_NUM L_DATA_NUM L_EPOCH_NUM L_BATCH_SIZE L_LR SIGMA
SpeechCommand          500          3       6000           5           10 0.01    -1
TASK          G_EPOCH_NUM CLIENT_NUM L_DATA_NUM L_EPOCH_NUM L_BATCH_SIZE L_LR SIGMA
SpeechCommand          500          3       6000           5           10 0.01    -1
TASK          G_EPOCH_NUM CLIENT_NUM L_DATA_NUM L_EPOCH_NUM L_BATCH_SIZE L_LR SIGMA
SpeechCommand          500          3       6000           5           10 0.01    -1
0.71195 0.75429 0.75584 0.75956 0.75829 0.76274 0.76656 0.76529 0.76620 0.76574 0.76165 0.77065 0.77156 0.76820 0.77347 0.77647 0.77010 0.76692 0.76874 0.77283 0.77547 0.77219 0.77083 0.77010 0.77201 0.77746 0.77592 0.77692 0.77447 0.77456 0.76983 0.77892 0.77746 0.76920 0.78046 0.77619 0.77946 0.77619 0.78092 0.77247 0.78573 0.77610 0.78264 0.76929 0.77892 0.77692 0.76783 0.77147 0.77247 0.77774 
TASK          G_EPOCH_NUM CLIENT_NUM L_DATA_NUM L_EPOCH_NUM L_BATCH_SIZE L_LR SIGMA
SpeechCommand          500          4       6000           5           10 0.01    -1
0.73167 0.75375 0.75947 0.76465 0.77247 0.77328 0.77637 0.77710 0.77465 0.76765 0.77701 0.78155 0.77474 0.77610 0.78001 0.77474 0.77801 0.77010 0.78164 0.77474 0.78119 0.78646 0.78310 0.78646 0.77601 0.78528 0.78555 0.78410 0.77674 0.78828 0.78074 0.79537 0.78764 0.79173 0.79200 0.78283 0.79573 0.78328 0.78692 0.78837 0.79718 0.79155 0.79455 0.79191 0.79727 0.78682 0.78964 0.79655 0.78973 0.79546 
TASK          G_EPOCH_NUM CLIENT_NUM L_DATA_NUM L_EPOCH_NUM L_BATCH_SIZE L_LR SIGMA
SpeechCommand          500          5       6000           5           10 0.01    -1
0.75030 0.77746 0.78437 0.78982 0.79364 0.80100 0.79537 0.79309 0.79637 0.80209 0.80309 0.80400 0.80745 0.79927 0.80091 0.80791 0.80418 0.80291 0.80218 0.80563 0.80354 0.80518 0.80400 0.79882 0.80327 0.80363 0.80382 0.79800 0.80536 0.80273 0.80500 0.80845 0.79873 0.80709 0.80691 0.80209 0.80463 0.80663 0.80818 0.80282 0.81018 0.80382 0.81072 0.81027 0.81018 0.80373 0.80182 0.80827 0.80600 0.80309 
TASK          G_EPOCH_NUM CLIENT_NUM L_DATA_NUM L_EPOCH_NUM L_BATCH_SIZE L_LR SIGMA
SpeechCommand          500          6       6000           5           10 0.01    -1
0.73503 0.77083 0.77592 0.78192 0.78519 0.78900 0.78964 0.78773 0.78601 0.78982 0.78900 0.79391 0.79246 0.79855 0.79200 0.79555 0.79718 0.79546 0.79400 0.79355 0.79646 0.79482 0.79182 0.80073 0.79964 0.80436 0.80127 0.79918 0.79064 0.80463 0.80418 0.79936 0.79655 0.79827 0.80182 0.79637 0.80227 0.80409 0.79219 0.80182 0.79718 0.80218 0.80154 TASK          G_EPOCH_NUM CLIENT_NUM L_DATA_NUM L_EPOCH_NUM L_BATCH_SIZE L_LR SIGMA

TASK          G_EPOCH_NUM CLIENT_NUM L_DATA_NUM L_EPOCH_NUM L_BATCH_SIZE L_LR SIGMA
SpeechCommand          500          6       6000           5           10 0.01    -1
0.73530 0.77110 0.77274 0.77265 0.78346 0.78455 0.78910 0.77865 0.79082 0.78746 0.78564 0.79028 0.79164 0.79273 0.79028 0.79709 0.79437 0.79500 0.79273 0.79464 0.79028 0.79855 0.79418 0.80018 0.79864 0.79309 0.80373 0.80282 0.80609 0.80018 0.78910 0.80291 0.79773 0.80409 0.80218 0.79764 0.80073 0.80154 0.80736 0.80427 0.79564 0.80709 0.80164 0.80473 0.80327 0.79909 0.80318 0.80482 0.80273 0.80045 
TASK          G_EPOCH_NUM CLIENT_NUM L_DATA_NUM L_EPOCH_NUM L_BATCH_SIZE L_LR SIGMA
SpeechCommand          500          7       6000           5           10 0.01    -1
0.74939 0.76883 0.78146 0.78673 0.78492 0.79010 0.78364 0.78328 0.78764 0.78664 0.78492 0.79146 0.78991 0.79309 0.79128 0.79164 0.79664 0.79782 0.80082 0.79409 0.80273 0.80291 0.79591 0.79891 0.80218 0.80536 0.80300 0.80291 0.80609 0.80500 0.80200 0.80518 0.80500 0.80682 0.80036 0.80136 0.80700 0.80327 0.79882 0.80945 0.80845 0.81163 0.79782 0.80473 0.80909 0.80563 0.81036 0.80718 0.80591 0.80463 
TASK          G_EPOCH_NUM CLIENT_NUM L_DATA_NUM L_EPOCH_NUM L_BATCH_SIZE L_LR SIGMA
SpeechCommand          500          3       6000           5           10 0.01    -1
0.68569 TASK          G_EPOCH_NUM CLIENT_NUM L_DATA_NUM L_EPOCH_NUM L_BATCH_SIZE L_LR SIGMA
SpeechCommand          300          3       6000           5           10 0.01    -1
0.65906 0.72849 0.73812 0.73603 0.72940 0.75775 0.75184 0.74721 0.75575 0.74939 0.74693 0.75575 0.75184 0.74539 0.74739 0.75293 0.75384 0.74920 0.75911 0.74330 0.75229 0.75547 0.75257 0.75202 0.75538 0.76102 0.75747 0.75348 0.75702 0.75338 
TASK          G_EPOCH_NUM CLIENT_NUM L_DATA_NUM L_EPOCH_NUM L_BATCH_SIZE L_LR SIGMA
SpeechCommand          300          4       6000           5           10 0.01    -1
0.71449 0.74739 0.76447 0.76184 0.76256 0.76965 0.75720 0.77265 0.77456 0.77029 0.76965 0.77528 0.77728 0.77601 0.77165 0.77610 0.76992 0.77547 0.77456 0.77919 0.76947 0.77065 0.76520 0.78228 0.77792 0.77828 0.77874 0.77746 0.76493 0.77983 
TASK          G_EPOCH_NUM CLIENT_NUM L_DATA_NUM L_EPOCH_NUM L_BATCH_SIZE L_LR SIGMA
SpeechCommand          300          5       6000           5           10 0.01    -1
0.70104 0.75911 0.77192 0.78210 0.77992 0.77965 0.78501 0.77883 0.78337 0.78782 0.78383 0.78819 0.79328 0.78364 0.78655 0.79109 0.78555 0.78255 0.79555 0.78801 0.79736 0.79373 0.79691 0.79918 0.79437 0.79736 0.79191 0.79755 0.79037 0.79391 
TASK          G_EPOCH_NUM CLIENT_NUM L_DATA_NUM L_EPOCH_NUM L_BATCH_SIZE L_LR SIGMA
SpeechCommand          300          6       6000           5           10 0.01    -1
0.70404 0.74530 0.76329 0.76829 0.77328 0.77419 0.77274 0.78383 0.77919 0.78201 0.78510 0.78464 0.78155 0.77765 0.77719 0.78582 0.77901 0.78837 0.78446 0.78528 0.78701 0.78810 0.79655 0.79028 0.79382 0.79028 0.78891 0.79164 0.79182 0.78873 
TASK          G_EPOCH_NUM CLIENT_NUM L_DATA_NUM L_EPOCH_NUM L_BATCH_SIZE L_LR SIGMA
SpeechCommand          300          7       6000           5           10 0.01    -1
0.71195 0.75693 0.77792 0.79091 0.78937 0.79500 0.79010 0.79682 0.79428 0.79591 0.79100 0.79646 0.78791 0.78437 0.79219 0.79246 0.79128 0.78546 0.79573 0.79846 0.79700 0.79755 0.79718 0.79173 0.80055 0.79446 0.79736 0.79209 0.79800 0.80318 
TASK          G_EPOCH_NUM CLIENT_NUM L_DATA_NUM L_EPOCH_NUM L_BATCH_SIZE L_LR SIGMA
SpeechCommand          300          3       6000           5           50 0.01    -1
0.72258 0.76147 0.76910 0.77547 0.77737 0.78528 0.77783 TASK          G_EPOCH_NUM CLIENT_NUM L_DATA_NUM L_EPOCH_NUM L_BATCH_SIZE L_LR SIGMA
SpeechCommand          300          3       6000           5           50 0.01    -1
0.77628 0.72694 0.78828 0.74321 0.78664 0.75575 0.78737 0.76393 0.78146 0.76320 TASK          G_EPOCH_NUM CLIENT_NUM L_DATA_NUM L_EPOCH_NUM L_BATCH_SIZE L_LR SIGMA
SpeechCommand          300          3       6000           5           50 0.01    -1
0.74239 0.76011 0.77183 0.77583 0.77874 TASK          G_EPOCH_NUM CLIENT_NUM L_DATA_NUM L_EPOCH_NUM L_BATCH_SIZE L_LR SIGMA
SpeechCommand          300          3       6000           5           50 0.01    -1
0.73021 0.74312 0.75211 0.75965 0.77129 0.77674 0.76829 0.76901 0.77147 0.78228 0.76983 0.77583 0.78055 0.77356 0.77865 0.78146 0.77856 0.78028 0.78710 0.78510 0.78746 0.78855 0.78582 0.77874 0.78664 0.78828 0.78028 0.78682 0.78392 0.78364 
TASK          G_EPOCH_NUM CLIENT_NUM L_DATA_NUM L_EPOCH_NUM L_BATCH_SIZE L_LR SIGMA
SpeechCommand          300          4       6000           5           50 0.01    -1
0.76347 0.78146 0.79509 0.80473 0.80373 0.80609 0.81527 0.80972 0.81118 0.80972 0.81381 0.81354 0.81145 0.81081 0.80972 0.81009 0.81427 0.81726 0.81263 0.81826 0.82045 0.80945 0.81836 0.82072 0.81799 0.81336 0.81545 0.81663 0.82408 0.81663 
TASK          G_EPOCH_NUM CLIENT_NUM L_DATA_NUM L_EPOCH_NUM L_BATCH_SIZE L_LR SIGMA
SpeechCommand          300          5       6000           5           50 0.01    -1
0.77856 0.78900 0.81054 0.81581 0.81917 0.82481 0.82399 0.82817 0.83362 0.82626 0.82835 0.82899 0.83144 0.83271 0.83398 0.83326 0.83153 0.83289 0.83644 0.83280 0.82871 0.83071 0.83517 0.83517 0.82917 0.83162 0.83517 0.83253 0.82926 0.83426 
TASK          G_EPOCH_NUM CLIENT_NUM L_DATA_NUM L_EPOCH_NUM L_BATCH_SIZE L_LR SIGMA
SpeechCommand          300          6       6000           5           50 0.01    -1
0.77438 0.80391 0.81572 0.82581 0.82590 0.82326 0.83090 0.82717 0.83435 0.83726 0.83653 0.83880 0.84144 0.84280 0.84316 0.83989 0.84453 0.84044 0.84525 0.84498 0.83998 0.84198 0.84598 0.84225 0.84262 0.84180 0.84153 0.84380 0.84443 0.84689 
TASK          G_EPOCH_NUM CLIENT_NUM L_DATA_NUM L_EPOCH_NUM L_BATCH_SIZE L_LR SIGMA
SpeechCommand          300          7       6000           5           50 0.01    -1
0.77856 0.81181 0.81990 0.81872 0.82808 0.83108 0.83099 0.83017 0.83253 0.83280 0.83090 0.83335 0.83289 0.83735 0.83771 0.83998 0.84462 0.84007 0.84434 0.84634 0.84707 0.84162 0.84580 0.84607 0.84771 0.84407 0.84698 0.84625 0.84861 0.84443 
