TASK          G_EPOCH_NUM CLIENT_NUM L_DATA_NUM L_EPOCH_NUM L_BATCH_SIZE L_LR SIGMA
SpeechCommand          500          3       6000           5           10 0.01    -1
TASK          G_EPOCH_NUM CLIENT_NUM L_DATA_NUM L_EPOCH_NUM L_BATCH_SIZE L_LR SIGMA
SpeechCommand          500          3       6000           5           10 0.01    -1
TASK          G_EPOCH_NUM CLIENT_NUM L_DATA_NUM L_EPOCH_NUM L_BATCH_SIZE L_LR SIGMA
SpeechCommand          500          3       6000           5           10 0.01    -1
0.69159 0.74366 0.75184 0.74539 0.75566 0.76211 0.76184 0.74648 0.76302 0.74811 0.75547 0.75675 0.75629 0.75375 0.75475 0.76402 0.76274 0.75302 0.75629 0.75929 0.75965 0.75956 0.76792 0.75066 0.75202 0.76265 0.76592 0.76638 0.75975 0.76120 0.76411 0.75929 0.75638 0.76365 0.76383 0.76193 0.76193 0.75975 0.75902 0.75529 0.76920 0.76293 0.75393 0.76565 0.75956 0.75975 0.75520 0.76829 0.76811 0.76129 
TASK          G_EPOCH_NUM CLIENT_NUM L_DATA_NUM L_EPOCH_NUM L_BATCH_SIZE L_LR SIGMA
SpeechCommand          500          4       6000           5           10 0.01    -1
0.72812 0.74975 0.75984 0.76602 0.76465 0.77247 0.77129 0.76783 0.77601 0.77301 0.77183 0.77601 0.77010 0.77728 0.77419 0.77238 0.77156 0.77456 0.76583 0.77628 0.76356 0.78074 0.78019 0.77292 0.78246 0.78346 0.77901 0.77810 0.77592 0.78028 0.77937 0.78773 0.78528 0.78237 0.78274 0.78464 0.78746 0.78991 0.79291 0.78801 0.78155 0.79100 0.79128 0.79019 0.79682 0.78910 0.79473 0.77783 0.78264 0.79191 
TASK          G_EPOCH_NUM CLIENT_NUM L_DATA_NUM L_EPOCH_NUM L_BATCH_SIZE L_LR SIGMA
SpeechCommand          500          5       6000           5           10 0.01    -1
0.74303 0.77129 0.77819 0.78592 0.78019 0.78891 0.78501 0.79591 0.79673 0.79537 0.79137 0.79555 0.79736 0.79637 0.79146 0.79164 0.80109 0.79655 0.79591 0.78928 0.79418 0.79137 0.79428 0.79764 0.79773 0.79155 0.79200 0.79537 0.79128 0.79109 0.78919 0.80036 0.79791 0.79364 0.78719 0.79291 0.79655 0.79718 0.79882 0.79473 0.80073 0.79300 0.79736 0.79718 0.79582 0.80491 0.79055 0.79864 0.79037 0.80018 
TASK          G_EPOCH_NUM CLIENT_NUM L_DATA_NUM L_EPOCH_NUM L_BATCH_SIZE L_LR SIGMA
SpeechCommand          500          6       6000           5           10 0.01    -1
0.73421 0.76983 0.77928 0.78301 0.78519 0.78737 0.79100 0.78364 0.79100 0.78637 0.78810 0.79300 0.79818 0.79328 0.79255 0.79400 0.78919 0.79309 0.79400 0.79491 0.79682 0.80273 0.80672 0.79782 0.80336 0.79918 0.79945 0.79755 0.80164 0.80182 0.80781 0.80354 0.79873 0.80563 0.79736 0.80009 0.80018 0.80218 0.79755 0.80382 0.80245 0.80064 TASK          G_EPOCH_NUM CLIENT_NUM L_DATA_NUM L_EPOCH_NUM L_BATCH_SIZE L_LR SIGMA

TASK          G_EPOCH_NUM CLIENT_NUM L_DATA_NUM L_EPOCH_NUM L_BATCH_SIZE L_LR SIGMA
SpeechCommand          500          6       6000           5           10 0.01    -1
0.75257 0.76692 0.77383 0.78046 0.77865 0.78564 0.79346 0.78410 0.78673 0.79191 0.78601 0.79446 0.79400 0.78410 0.79791 0.79927 0.80018 0.79918 0.80045 0.79537 0.78837 0.79328 0.79909 0.79718 0.78664 0.80391 0.80291 0.79328 0.80009 0.80282 0.79509 0.79391 0.79673 0.80055 0.80173 0.80055 0.80127 0.79882 0.80064 0.80545 0.79800 0.80282 0.80536 0.80327 0.79864 0.80045 0.79909 0.80809 0.80200 0.80182 
TASK          G_EPOCH_NUM CLIENT_NUM L_DATA_NUM L_EPOCH_NUM L_BATCH_SIZE L_LR SIGMA
SpeechCommand          500          7       6000           5           10 0.01    -1
0.74094 0.76502 0.77092 0.77674 0.77746 0.78037 0.78701 0.78573 0.78710 0.78937 0.78919 0.79237 0.78519 0.78946 0.78855 0.79409 0.79055 0.79473 0.79546 0.79546 0.78846 0.79600 0.78991 0.79673 0.79836 0.79964 0.79836 0.79591 0.79182 0.80055 0.79700 0.80563 0.80009 0.79964 0.79800 0.79564 0.79973 0.79491 0.79855 0.79836 0.80082 0.79755 0.79664 0.79873 0.79582 0.79973 0.79727 0.79809 0.79727 0.80136 
TASK          G_EPOCH_NUM CLIENT_NUM L_DATA_NUM L_EPOCH_NUM L_BATCH_SIZE L_LR SIGMA
SpeechCommand          500          3       6000           5           10 0.01    -1
0.68224 TASK          G_EPOCH_NUM CLIENT_NUM L_DATA_NUM L_EPOCH_NUM L_BATCH_SIZE L_LR SIGMA
SpeechCommand          300          3       6000           5           10 0.01    -1
0.69732 0.73412 0.73530 0.74457 0.75093 0.75120 0.75693 0.75484 0.74184 0.74602 0.75593 0.75775 0.75729 0.74857 0.75384 0.76002 0.75611 0.76120 0.75302 0.75575 0.75493 0.74239 0.75448 0.75475 0.75775 0.74911 0.75111 0.75139 0.75956 0.75466 
TASK          G_EPOCH_NUM CLIENT_NUM L_DATA_NUM L_EPOCH_NUM L_BATCH_SIZE L_LR SIGMA
SpeechCommand          300          4       6000           5           10 0.01    -1
0.69796 0.73503 0.74021 0.75229 0.76156 0.76956 0.77274 0.76302 0.77301 0.77919 0.77438 0.77601 0.77565 0.78010 0.76856 0.77828 0.77828 0.78028 0.77801 0.77874 0.78355 0.77619 0.77974 0.78573 0.77492 0.77783 0.78392 0.78719 0.78473 0.78246 
TASK          G_EPOCH_NUM CLIENT_NUM L_DATA_NUM L_EPOCH_NUM L_BATCH_SIZE L_LR SIGMA
SpeechCommand          300          5       6000           5           10 0.01    -1
0.71640 0.75402 0.76393 0.76602 0.76811 0.77274 0.77165 0.78146 0.77765 0.77474 0.77428 0.77574 0.78237 0.77992 0.77919 0.77928 0.78473 0.78628 0.77883 0.78328 0.78419 0.78364 0.78682 0.79228 0.78773 0.78682 0.78919 0.78837 0.78564 0.78546 
TASK          G_EPOCH_NUM CLIENT_NUM L_DATA_NUM L_EPOCH_NUM L_BATCH_SIZE L_LR SIGMA
SpeechCommand          300          6       6000           5           10 0.01    -1
0.69323 0.76774 0.76547 0.78655 0.78146 0.78573 0.77946 0.78383 0.78364 0.77574 0.78619 0.78692 0.79173 0.78546 0.78682 0.78955 0.78664 0.79091 0.78746 0.78719 0.79209 0.79146 0.78601 0.79346 0.79182 0.78673 0.79409 0.79382 0.79546 0.79119 
TASK          G_EPOCH_NUM CLIENT_NUM L_DATA_NUM L_EPOCH_NUM L_BATCH_SIZE L_LR SIGMA
SpeechCommand          300          7       6000           5           10 0.01    -1
0.68969 0.76338 0.77728 0.78555 0.78228 0.78455 0.78873 0.79500 0.79273 0.79082 0.79746 0.79700 0.80064 0.79673 0.80327 0.80373 0.79546 0.79791 0.80264 0.80254 0.80618 0.80382 0.79782 0.79827 0.79945 0.79709 0.79846 0.80055 0.80373 0.80145 
TASK          G_EPOCH_NUM CLIENT_NUM L_DATA_NUM L_EPOCH_NUM L_BATCH_SIZE L_LR SIGMA
SpeechCommand          300          3       6000           5           50 0.01    -1
0.73258 0.76193 0.77129 0.77547 0.77865 0.78019 0.78810 TASK          G_EPOCH_NUM CLIENT_NUM L_DATA_NUM L_EPOCH_NUM L_BATCH_SIZE L_LR SIGMA
SpeechCommand          300          3       6000           5           50 0.01    -1
0.77828 0.73158 0.78519 0.74212 0.77983 0.75493 0.78746 0.76920 0.78837 0.76411 TASK          G_EPOCH_NUM CLIENT_NUM L_DATA_NUM L_EPOCH_NUM L_BATCH_SIZE L_LR SIGMA
SpeechCommand          300          3       6000           5           50 0.01    -1
0.73603 0.75275 0.76638 0.77428 0.76965 TASK          G_EPOCH_NUM CLIENT_NUM L_DATA_NUM L_EPOCH_NUM L_BATCH_SIZE L_LR SIGMA
SpeechCommand          300          3       6000           5           50 0.01    -1
0.72803 0.74284 0.75838 0.76738 0.76720 0.77256 0.77810 0.78083 0.77465 0.77647 0.77101 0.77728 0.77656 0.77174 0.78010 0.78373 0.78246 0.78201 0.77792 0.78764 0.78701 0.78955 0.78991 0.79164 0.77983 0.79736 0.78773 0.78819 0.78773 0.79064 
TASK          G_EPOCH_NUM CLIENT_NUM L_DATA_NUM L_EPOCH_NUM L_BATCH_SIZE L_LR SIGMA
SpeechCommand          300          4       6000           5           50 0.01    -1
0.75338 0.77801 0.78283 0.78646 0.79546 0.79982 0.79446 0.79618 0.80391 0.79964 0.80209 0.80781 0.80591 0.80363 0.80754 0.80482 0.81363 0.81554 0.81036 0.80936 0.80754 0.81181 0.81490 0.81190 0.81345 0.81845 0.81072 0.81418 0.81090 0.81845 
TASK          G_EPOCH_NUM CLIENT_NUM L_DATA_NUM L_EPOCH_NUM L_BATCH_SIZE L_LR SIGMA
SpeechCommand          300          5       6000           5           50 0.01    -1
0.75239 0.79646 0.80436 0.80618 0.80981 0.80963 0.80473 0.81109 0.81190 0.81081 0.81227 0.81327 0.81372 0.81281 0.81636 0.81527 0.81508 0.81290 0.81654 0.81418 0.81599 0.80836 0.81817 0.81454 0.81699 0.81136 0.81699 0.81908 0.81490 0.81826 
TASK          G_EPOCH_NUM CLIENT_NUM L_DATA_NUM L_EPOCH_NUM L_BATCH_SIZE L_LR SIGMA
SpeechCommand          300          6       6000           5           50 0.01    -1
0.77537 0.80836 0.81645 0.82308 0.83126 0.83326 0.83598 0.83880 0.83571 0.84016 0.83853 0.83553 0.83680 0.83953 0.83471 0.83862 0.84525 0.84025 0.84425 0.83816 0.84434 0.84571 0.84516 0.84307 0.84552 0.84534 0.84771 0.84662 0.84343 0.84743 
TASK          G_EPOCH_NUM CLIENT_NUM L_DATA_NUM L_EPOCH_NUM L_BATCH_SIZE L_LR SIGMA
SpeechCommand          300          7       6000           5           50 0.01    -1
0.78237 0.80954 0.81772 0.82644 0.83244 0.82971 0.83235 0.83235 0.83707 0.83680 0.84016 0.84125 0.84716 0.84262 0.84716 0.84780 0.84516 0.84816 0.85116 0.85225 0.84880 0.85198 0.85207 0.85225 0.85498 0.85388 0.85561 0.85089 0.85552 0.85579 
