TASK          G_EPOCH_NUM CLIENT_NUM L_DATA_NUM L_EPOCH_NUM L_BATCH_SIZE L_LR SIGMA
SpeechCommand          500          3       6000           5           10 0.01    -1
TASK          G_EPOCH_NUM CLIENT_NUM L_DATA_NUM L_EPOCH_NUM L_BATCH_SIZE L_LR SIGMA
SpeechCommand          500          3       6000           5           10 0.01    -1
TASK          G_EPOCH_NUM CLIENT_NUM L_DATA_NUM L_EPOCH_NUM L_BATCH_SIZE L_LR SIGMA
SpeechCommand          500          3       6000           5           10 0.01    -1
0.09781 0.08552 0.08421 0.08353 0.08370 0.08222 0.08098 0.08148 0.08127 0.08244 0.08220 0.08006 0.07880 0.08094 0.07844 0.07895 0.07835 0.08032 0.07917 0.07850 0.07804 0.07940 0.08021 0.08067 0.07964 0.07759 0.07800 0.07791 0.07769 0.07893 0.08002 0.07820 0.07759 0.08002 0.07783 0.07880 0.07690 0.07774 0.07781 0.07864 0.07509 0.07872 0.07813 0.08014 0.07727 0.07952 0.07981 0.07916 0.07988 0.07904 
TASK          G_EPOCH_NUM CLIENT_NUM L_DATA_NUM L_EPOCH_NUM L_BATCH_SIZE L_LR SIGMA
SpeechCommand          500          4       6000           5           10 0.01    -1
0.09228 0.08309 0.08189 0.08023 0.07801 0.07726 0.07639 0.07774 0.07676 0.07936 0.07716 0.07596 0.07701 0.07652 0.07655 0.07753 0.07537 0.07889 0.07541 0.07722 0.07524 0.07372 0.07437 0.07348 0.07616 0.07524 0.07389 0.07461 0.07690 0.07294 0.07526 0.07253 0.07334 0.07273 0.07337 0.07415 0.07158 0.07507 0.07438 0.07345 0.07111 0.07162 0.07003 0.07179 0.07087 0.07361 0.07228 0.07041 0.07399 0.07087 
TASK          G_EPOCH_NUM CLIENT_NUM L_DATA_NUM L_EPOCH_NUM L_BATCH_SIZE L_LR SIGMA
SpeechCommand          500          5       6000           5           10 0.01    -1
0.08357 0.07615 0.07539 0.07372 0.07331 0.07003 0.07132 0.07166 0.07017 0.06912 0.06827 0.06898 0.06723 0.06847 0.06861 0.06642 0.06764 0.06900 0.06832 0.06778 0.06786 0.06705 0.06901 0.06941 0.06817 0.06746 0.06786 0.07017 0.06872 0.06853 0.06816 0.06797 0.07004 0.06706 0.06745 0.06887 0.06820 0.06681 0.06742 0.06845 0.06624 0.06818 0.06641 0.06566 0.06586 0.06896 0.06810 0.06609 0.06687 0.06840 
TASK          G_EPOCH_NUM CLIENT_NUM L_DATA_NUM L_EPOCH_NUM L_BATCH_SIZE L_LR SIGMA
SpeechCommand          500          6       6000           5           10 0.01    -1
0.09147 0.08003 0.07787 0.07526 0.07587 0.07416 0.07294 0.07267 0.07336 0.07289 0.07226 0.07224 0.07097 0.07069 0.07194 0.07206 0.07066 0.07075 0.07145 0.07143 0.07134 0.07240 0.07220 0.07035 0.06975 0.06866 0.07062 0.07079 0.07203 0.06877 0.06937 0.07009 0.06952 0.07011 0.06814 0.06977 0.06970 0.06819 0.07106 0.06960 0.06987 0.06957 0.06935 TASK          G_EPOCH_NUM CLIENT_NUM L_DATA_NUM L_EPOCH_NUM L_BATCH_SIZE L_LR SIGMA

TASK          G_EPOCH_NUM CLIENT_NUM L_DATA_NUM L_EPOCH_NUM L_BATCH_SIZE L_LR SIGMA
SpeechCommand          500          6       6000           5           10 0.01    -1
0.08910 0.07842 0.07832 0.07835 0.07522 0.07484 0.07210 0.07701 0.07160 0.07334 0.07283 0.07243 0.07276 0.07153 0.07267 0.07253 0.07063 0.07064 0.07135 0.07069 0.07200 0.06999 0.07164 0.06977 0.07110 0.07113 0.06844 0.06770 0.06710 0.06942 0.07291 0.06791 0.07073 0.06933 0.06924 0.07079 0.06946 0.06869 0.06882 0.06894 0.07093 0.06858 0.06955 0.06882 0.06819 0.06975 0.07003 0.06894 0.06866 0.06973 
TASK          G_EPOCH_NUM CLIENT_NUM L_DATA_NUM L_EPOCH_NUM L_BATCH_SIZE L_LR SIGMA
SpeechCommand          500          7       6000           5           10 0.01    -1
0.08741 0.07960 0.07606 0.07441 0.07520 0.07388 0.07527 0.07557 0.07304 0.07453 0.07411 0.07224 0.07360 0.07322 0.07275 0.07276 0.07158 0.07097 0.07048 0.07253 0.07029 0.07080 0.07117 0.07064 0.07070 0.06979 0.07105 0.06980 0.06741 0.06946 0.07051 0.06921 0.06973 0.06903 0.06970 0.07065 0.06951 0.06981 0.07002 0.06791 0.06809 0.06681 0.07121 0.06874 0.06799 0.06801 0.06706 0.06866 0.06834 0.06995 
TASK          G_EPOCH_NUM CLIENT_NUM L_DATA_NUM L_EPOCH_NUM L_BATCH_SIZE L_LR SIGMA
SpeechCommand          500          3       6000           5           10 0.01    -1
0.10854 TASK          G_EPOCH_NUM CLIENT_NUM L_DATA_NUM L_EPOCH_NUM L_BATCH_SIZE L_LR SIGMA
SpeechCommand          300          3       6000           5           10 0.01    -1
0.11660 0.09550 0.09243 0.09401 0.09382 0.08646 0.08729 0.08963 0.08637 0.08792 0.08856 0.08644 0.08874 0.08951 0.08845 0.08680 0.08719 0.08820 0.08610 0.09007 0.08821 0.08666 0.08562 0.08814 0.08607 0.08471 0.08680 0.08694 0.08426 0.08904 
TASK          G_EPOCH_NUM CLIENT_NUM L_DATA_NUM L_EPOCH_NUM L_BATCH_SIZE L_LR SIGMA
SpeechCommand          300          4       6000           5           10 0.01    -1
0.09780 0.08779 0.08237 0.08228 0.08255 0.07826 0.08428 0.07947 0.07955 0.08027 0.07916 0.07843 0.07895 0.08056 0.07981 0.07862 0.07883 0.07943 0.07922 0.07795 0.08119 0.08074 0.08068 0.07695 0.07920 0.07778 0.07882 0.07920 0.08309 0.07900 
TASK          G_EPOCH_NUM CLIENT_NUM L_DATA_NUM L_EPOCH_NUM L_BATCH_SIZE L_LR SIGMA
SpeechCommand          300          5       6000           5           10 0.01    -1
0.10175 0.08306 0.08015 0.07765 0.07662 0.07770 0.07626 0.07712 0.07512 0.07528 0.07643 0.07585 0.07253 0.07608 0.07636 0.07526 0.07526 0.07586 0.07202 0.07483 0.07276 0.07402 0.07242 0.07303 0.07452 0.07255 0.07455 0.07169 0.07608 0.07386 
TASK          G_EPOCH_NUM CLIENT_NUM L_DATA_NUM L_EPOCH_NUM L_BATCH_SIZE L_LR SIGMA
SpeechCommand          300          6       6000           5           10 0.01    -1
0.10397 0.08812 0.08309 0.08106 0.07935 0.07900 0.07932 0.07691 0.07867 0.07647 0.07536 0.07555 0.07709 0.07952 0.07863 0.07657 0.07721 0.07461 0.07553 0.07485 0.07525 0.07522 0.07281 0.07391 0.07354 0.07378 0.07484 0.07402 0.07385 0.07494 
TASK          G_EPOCH_NUM CLIENT_NUM L_DATA_NUM L_EPOCH_NUM L_BATCH_SIZE L_LR SIGMA
SpeechCommand          300          7       6000           5           10 0.01    -1
0.09742 0.08434 0.07703 0.07447 0.07371 0.07376 0.07302 0.07268 0.07260 0.07103 0.07250 0.07039 0.07338 0.07381 0.07245 0.07156 0.07288 0.07255 0.07097 0.07063 0.06984 0.07049 0.07032 0.07234 0.07047 0.07293 0.07211 0.07319 0.07148 0.06923 
TASK          G_EPOCH_NUM CLIENT_NUM L_DATA_NUM L_EPOCH_NUM L_BATCH_SIZE L_LR SIGMA
SpeechCommand          300          3       6000           5           50 0.01    -1
0.02125 0.01952 0.01931 0.01966 0.02035 0.02028 0.02069 TASK          G_EPOCH_NUM CLIENT_NUM L_DATA_NUM L_EPOCH_NUM L_BATCH_SIZE L_LR SIGMA
SpeechCommand          300          3       6000           5           50 0.01    -1
0.02088 0.02036 0.02015 0.02084 0.01954 0.02072 0.01975 0.02072 0.02001 0.02103 TASK          G_EPOCH_NUM CLIENT_NUM L_DATA_NUM L_EPOCH_NUM L_BATCH_SIZE L_LR SIGMA
SpeechCommand          300          3       6000           5           50 0.01    -1
0.01999 0.02012 0.01951 0.02046 0.02034 TASK          G_EPOCH_NUM CLIENT_NUM L_DATA_NUM L_EPOCH_NUM L_BATCH_SIZE L_LR SIGMA
SpeechCommand          300          3       6000           5           50 0.01    -1
0.02029 0.02131 0.02185 0.02104 0.02081 0.02076 0.02113 0.02183 0.02070 0.01993 0.02113 0.02053 0.02040 0.02127 0.02050 0.02020 0.02035 0.02062 0.01969 0.02027 0.01996 0.02008 0.01955 0.02048 0.01986 0.01945 0.02121 0.01972 0.02021 0.02055 
TASK          G_EPOCH_NUM CLIENT_NUM L_DATA_NUM L_EPOCH_NUM L_BATCH_SIZE L_LR SIGMA
SpeechCommand          300          4       6000           5           50 0.01    -1
0.01689 0.01668 0.01613 0.01583 0.01602 0.01598 0.01604 0.01583 0.01604 0.01621 0.01590 0.01605 0.01598 0.01626 0.01596 0.01631 0.01620 0.01552 0.01609 0.01587 0.01606 0.01678 0.01585 0.01570 0.01564 0.01623 0.01592 0.01578 0.01596 0.01567 
TASK          G_EPOCH_NUM CLIENT_NUM L_DATA_NUM L_EPOCH_NUM L_BATCH_SIZE L_LR SIGMA
SpeechCommand          300          5       6000           5           50 0.01    -1
0.01620 0.01613 0.01472 0.01461 0.01459 0.01397 0.01424 0.01375 0.01364 0.01403 0.01401 0.01374 0.01380 0.01391 0.01379 0.01396 0.01388 0.01388 0.01376 0.01385 0.01422 0.01423 0.01381 0.01400 0.01408 0.01397 0.01385 0.01402 0.01421 0.01411 
TASK          G_EPOCH_NUM CLIENT_NUM L_DATA_NUM L_EPOCH_NUM L_BATCH_SIZE L_LR SIGMA
SpeechCommand          300          6       6000           5           50 0.01    -1
0.01600 0.01462 0.01421 0.01380 0.01354 0.01388 0.01352 0.01346 0.01332 0.01315 0.01351 0.01313 0.01308 0.01280 0.01289 0.01298 0.01284 0.01261 0.01253 0.01228 0.01287 0.01256 0.01225 0.01265 0.01271 0.01254 0.01245 0.01254 0.01250 0.01252 
TASK          G_EPOCH_NUM CLIENT_NUM L_DATA_NUM L_EPOCH_NUM L_BATCH_SIZE L_LR SIGMA
SpeechCommand          300          7       6000           5           50 0.01    -1
0.01604 0.01357 0.01340 0.01355 0.01272 0.01299 0.01262 0.01269 0.01264 0.01279 0.01282 0.01275 0.01235 0.01215 0.01213 0.01200 0.01187 0.01204 0.01172 0.01188 0.01184 0.01181 0.01187 0.01171 0.01160 0.01183 0.01184 0.01160 0.01155 0.01196 
