FashionMNIST        1000          3       6000           5           64 0.005
0.19250 0.46500 0.48590 0.55210 0.56300 0.56930 0.57410 0.57890 0.58430 0.58630 0.59210 0.59320 0.59380 0.59600 0.59910 0.59800 0.60060 0.60310 0.60400 0.60460 0.60680 0.60590 0.60780 0.60580 0.60880 0.60850 0.61140 0.61110 0.61340 0.61000 0.61250 0.61300 0.61250 0.67220 0.67450 0.67770 0.67820 0.67990 0.67720 0.67910 0.68400 0.68180 0.68140 0.68450 0.68350 0.68540 0.68530 0.68510 0.68630 0.68650 0.68510 0.68620 0.68650 0.68810 0.68610 0.68750 0.68810 0.68900 0.68740 0.68910 0.68660 0.68530 0.68900 0.68810 0.68880 0.68880 0.68910 0.69060 0.68940 0.69190 0.69190 0.69140 0.68940 0.69040 0.69020 0.69150 0.69050 0.69180 0.69130 0.69130 0.69210 0.68960 0.69260 0.69390 0.69140 0.69300 0.69110 0.69140 0.69050 0.69330 0.69170 0.69270 0.69290 0.69090 0.69210 0.69080 0.69140 0.69320 0.69230 0.69080 
TASK          G_EPOCH_NUM CLIENT_NUM L_DATA_NUM L_EPOCH_NUM L_BATCH_SIZE L_LR
FashionMNIST        1000          4       6000           5           64 0.005
0.57260 0.68610 0.71170 0.72140 0.73320 0.74180 0.74800 0.75500 0.76130 0.76630 0.76780 0.77410 0.77450 0.77750 0.77970 0.78190 0.78400 0.78600 0.78810 0.79010 0.79060 0.79120 0.79300 0.79550 0.79470 0.85240 0.85500 0.85810 0.85920 0.86200 0.86170 0.86150 0.86510 0.86640 0.86340 0.86360 0.86700 0.86830 0.86910 0.87010 0.87170 0.87060 0.87230 0.87210 0.87480 0.87200 0.87350 0.87450 0.87340 0.87330 0.87530 0.87520 0.87620 0.87900 0.87500 0.87560 0.87440 0.87770 0.87900 0.87630 0.88050 0.87860 0.87840 0.87900 0.87940 0.87870 0.88010 0.87850 0.88100 0.87890 0.88100 0.88080 0.87960 0.87940 0.88040 0.88200 0.87930 0.87700 0.88070 0.88170 0.88240 0.88220 0.88230 0.88010 0.88380 0.88280 0.88240 0.88230 0.88400 0.88150 0.88320 0.88230 0.88380 0.88260 0.88620 0.88300 0.88360 0.88340 0.88450 0.88340 
TASK          G_EPOCH_NUM CLIENT_NUM L_DATA_NUM L_EPOCH_NUM L_BATCH_SIZE L_LR
FashionMNIST        1000          5       6000           5           64 0.005
0.20070 0.28350 0.28510 0.28580 0.28610 0.30660 0.31080 0.31180 0.31270 0.31220 0.31430 0.38870 0.39210 0.39860 0.40350 0.40670 0.41020 0.41210 0.41270 0.41570 0.41590 0.41480 0.41830 0.41920 0.42120 0.42050 0.42210 0.42260 0.42260 0.42240 0.42440 0.42350 0.42550 0.42520 0.42510 0.42300 0.42540 0.42520 0.42470 0.42580 0.42730 0.42640 0.42790 0.42820 0.42730 0.42800 0.42900 0.42970 0.42880 0.42950 0.42980 0.42840 0.43070 0.43010 0.43090 0.43110 0.43180 0.43130 0.43230 0.43140 0.43240 0.43150 0.43180 0.43180 0.43190 0.43270 0.43300 0.43290 0.43320 0.43310 0.43330 0.43400 0.43100 0.43480 0.43420 0.43400 0.43450 0.43480 0.43420 0.43370 0.43530 0.43390 0.43540 0.43290 0.43410 0.43540 0.43350 0.43520 0.43440 0.43580 0.43440 0.43610 0.43590 0.43440 0.43630 0.43550 0.43500 0.43580 0.43570 0.43430 
TASK          G_EPOCH_NUM CLIENT_NUM L_DATA_NUM L_EPOCH_NUM L_BATCH_SIZE L_LR
FashionMNIST        1000          6       6000           5           64 0.005
0.26540 0.36480 0.40960 0.42170 0.45980 0.49050 0.49620 0.51010 0.51490 0.52280 0.52580 0.52040 0.53110 0.53150 0.53760 0.53400 0.54900 0.53880 0.55240 0.54440 0.55590 0.55050 0.55580 0.55790 0.56270 0.56030 0.55690 0.56300 0.56660 0.56650 0.57160 0.56870 0.57180 0.56900 0.57270 0.57180 0.57080 0.57080 0.57820 0.57980 0.57660 0.57430 0.58080 0.57850 0.58080 0.57910 0.58050 0.58600 0.58650 0.58120 0.58590 0.58210 0.59100 0.58730 0.58790 0.58500 0.59000 0.58720 0.58760 0.58750 0.59000 0.59070 0.59060 0.59030 0.58950 0.58980 0.59460 0.59260 0.59210 0.59430 0.59370 0.59650 0.59250 0.59460 0.59300 0.59290 0.59620 0.59650 0.59550 0.59640 0.59600 0.59810 0.59480 0.60100 0.59970 0.60150 0.59870 0.59800 0.60130 0.59920 0.60300 0.60030 0.60230 0.60170 0.60420 0.59970 0.60410 0.60250 0.60190 0.60520 
TASK          G_EPOCH_NUM CLIENT_NUM L_DATA_NUM L_EPOCH_NUM L_BATCH_SIZE L_LR
FashionMNIST        1000          7       6000           5           64 0.005
0.20870 0.30850 0.45500 0.48470 0.50190 0.58940 0.60910 0.61640 0.62610 0.63440 0.63970 0.64560 0.65340 0.65290 0.65820 0.66230 0.66410 0.66620 0.66870 0.67010 0.67330 0.67400 0.67540 0.67660 0.67830 0.67890 0.67950 0.68110 0.68210 0.68180 0.68240 0.68430 0.77820 0.78180 0.78400 0.78230 0.78430 0.78360 0.78310 0.78710 0.78470 0.78660 0.78760 0.78640 0.78830 0.78840 0.78840 0.79050 0.78960 0.79120 0.79200 0.78990 0.79160 0.79250 0.79130 0.79250 0.79290 0.79460 0.79300 0.79230 0.79250 0.79380 0.79380 0.79530 0.79660 0.79580 0.79450 0.88680 0.88660 0.88650 0.88700 0.88480 0.88610 0.88630 0.88580 0.88730 0.88710 0.88670 0.88770 0.88720 0.88750 0.88760 0.88820 0.88850 0.88820 0.88810 0.88930 0.88980 0.88850 0.88980 0.88970 0.88820 0.89150 0.88910 0.89060 0.89080 0.89080 0.88910 0.89150 