FashionMNIST        1000          3       6000           5           64 0.005
0.45040 0.48040 0.56880 0.58450 0.59070 0.60700 0.69840 0.71150 0.72130 0.73090 0.73690 0.74190 0.74530 0.74950 0.75440 0.75660 0.76190 0.75950 0.76180 0.76220 0.76690 0.76520 0.76740 0.76870 0.77080 0.86150 0.86140 0.86570 0.86570 0.86580 0.86620 0.86640 0.86770 0.87200 0.87090 0.86960 0.87130 0.87270 0.87210 0.87320 0.87410 0.87210 0.87350 0.87490 0.87600 0.87470 0.87420 0.87580 0.87830 0.87820 0.87800 0.87660 0.87660 0.87970 0.88060 0.87830 0.87950 0.88190 0.88110 0.88000 0.87980 0.88150 0.88060 0.88040 0.88380 0.88330 0.87640 0.88090 0.88210 0.88010 0.87980 0.88200 0.87910 0.88000 0.88220 0.88110 0.88070 0.88110 0.87970 0.87500 0.88270 0.88230 0.87900 0.88140 0.88150 0.88170 0.88210 0.87740 0.87500 0.88000 0.88120 0.88010 0.88230 0.88130 0.87830 0.87820 0.88200 0.87760 0.87940 0.88060 
TASK          G_EPOCH_NUM CLIENT_NUM L_DATA_NUM L_EPOCH_NUM L_BATCH_SIZE L_LR
FashionMNIST        1000          4       6000           5           64 0.005
0.51530 0.63120 0.66210 0.67650 0.68270 0.69440 0.70310 0.71160 0.71670 0.72270 0.72820 0.73440 0.73960 0.74210 0.74450 0.75070 0.75070 0.75630 0.75830 0.75870 0.76140 0.76000 0.76660 0.76470 0.76860 0.76780 0.77050 0.77340 0.77450 0.77160 0.77520 0.77650 0.77860 0.77710 0.77530 0.77790 0.78190 0.78220 0.77780 0.78150 0.78190 0.78450 0.78160 0.78240 0.78350 0.78520 0.78340 0.78410 0.78560 0.78550 0.78350 0.78690 0.78520 0.78510 0.78530 0.78650 0.78770 0.78780 0.78860 0.79010 0.79020 0.78840 0.79000 0.79020 0.79060 0.79060 0.79110 0.79120 0.79090 0.79180 0.79040 0.79210 0.79160 0.79300 0.79410 0.79430 0.79300 0.79470 0.79360 0.79430 0.79450 0.79330 0.79320 0.79550 0.79730 0.79430 0.79500 0.79570 0.79470 0.79680 0.79560 0.79610 0.79650 0.79580 0.79630 0.79610 0.79720 0.79530 0.79680 0.79290 
TASK          G_EPOCH_NUM CLIENT_NUM L_DATA_NUM L_EPOCH_NUM L_BATCH_SIZE L_LR
FashionMNIST        1000          5       6000           5           64 0.005
0.38140 0.49330 0.53440 0.55700 0.57310 0.58810 0.60160 0.61150 0.62090 0.63030 0.62480 0.64040 0.64710 0.65120 0.65440 0.65920 0.66170 0.66300 0.66090 0.66710 0.67020 0.67210 0.67560 0.67440 0.67430 0.67740 0.67910 0.68150 0.68110 0.68170 0.67970 0.68340 0.68420 0.68560 0.68630 0.68690 0.68580 0.68770 0.68830 0.68870 0.69010 0.68860 0.68950 0.69040 0.69020 0.69010 0.69100 0.69200 0.69230 0.69360 0.69370 0.69350 0.69370 0.69450 0.69400 0.69400 0.69630 0.69570 0.78650 0.78700 0.78910 0.79040 0.78950 0.79090 0.79000 0.79330 0.79190 0.79200 0.79190 0.79160 0.79060 0.79180 0.79120 0.79260 0.79150 0.79330 0.79410 0.79420 0.79430 0.79400 0.79140 0.79520 0.79500 0.79540 0.79370 0.79770 0.79540 0.79460 0.79620 0.79590 0.79650 0.79600 0.79560 0.79680 0.79760 0.79720 0.79870 0.79820 0.79840 0.79520 
TASK          G_EPOCH_NUM CLIENT_NUM L_DATA_NUM L_EPOCH_NUM L_BATCH_SIZE L_LR
FashionMNIST        1000          6       6000           5           64 0.005
0.43630 0.55700 0.63180 0.64830 0.65420 0.66800 0.67340 0.68930 0.69580 0.70570 0.71120 0.71920 0.72440 0.72930 0.73600 0.74010 0.74210 0.74520 0.74990 0.75200 0.75330 0.75490 0.75780 0.75930 0.76320 0.76230 0.76360 0.76520 0.76840 0.76650 0.76830 0.76960 0.77030 0.77280 0.77470 0.77460 0.77290 0.77140 0.77750 0.77730 0.77760 0.77970 0.77880 0.77970 0.77900 0.77910 0.78030 0.78080 0.78200 0.78220 0.78210 0.78300 0.78410 0.78490 0.78410 0.78440 0.78410 0.78510 0.78660 0.78600 0.78610 0.78840 0.78750 0.78920 0.78920 0.78820 0.78970 0.78860 0.79020 0.79100 0.78920 0.79060 0.79310 0.79220 0.79220 0.79140 0.79300 0.79160 0.79250 0.79330 0.79160 0.79330 0.79390 0.79330 0.79380 0.79370 0.79340 0.79390 0.79250 0.79230 0.79450 0.79350 0.79530 0.79560 0.79480 0.79510 0.79450 0.79600 0.79670 0.79480 
TASK          G_EPOCH_NUM CLIENT_NUM L_DATA_NUM L_EPOCH_NUM L_BATCH_SIZE L_LR
FashionMNIST        1000          7       6000           5           64 0.005
0.59730 0.67140 0.69620 0.72060 0.72550 0.73270 0.74280 0.74790 0.75480 0.75990 0.76310 0.76700 0.76880 0.77150 0.77410 0.77580 0.77770 0.77950 0.78300 0.78170 0.78580 0.78810 0.78870 0.79160 0.79180 0.79280 0.79210 0.79230 0.79350 0.79570 0.79430 0.79590 0.79600 0.79590 0.79780 0.79840 0.79960 0.79930 0.79990 0.80070 0.80170 0.80340 0.80220 0.80370 0.80440 0.80580 0.80550 0.80600 0.80550 0.80630 0.80660 0.80670 0.80750 0.80790 0.80890 0.80900 0.80840 0.80910 0.81030 0.80990 0.80980 0.81230 0.81130 0.80940 0.81150 0.81230 0.81260 0.81330 0.81360 0.81270 0.81390 0.81320 0.81460 0.81480 0.81360 0.81610 0.81490 0.81520 0.81470 0.81530 0.81500 0.81490 0.81460 0.81440 0.81440 0.81590 0.81600 0.81500 0.81440 0.81560 0.81490 0.81490 0.81630 0.81590 0.81540 0.81790 0.81510 0.81690 0.81650 0.81750 
