FashionMNIST        1000          3       6000           5           64 0.005
0.44800 0.61770 0.69030 0.73680 0.75930 0.77340 0.78180 0.79600 0.80490 0.79050 0.81510 0.82540 0.82400 0.83070 0.83580 0.84010 0.84230 0.84260 0.84770 0.85150 0.85280 0.85380 0.85720 0.85690 0.85810 0.86210 0.86270 0.86020 0.86200 0.86150 0.86200 0.86290 0.86520 0.86700 0.86490 0.86800 0.86920 0.86720 0.86620 0.87060 0.87000 0.87170 0.87280 0.87130 0.87090 0.87300 0.87330 0.87210 0.87340 0.87350 0.87600 0.87550 0.87580 0.87480 0.87320 0.87390 0.87510 0.87450 0.87840 0.87650 0.87490 0.87420 0.87650 0.87660 0.87200 0.87640 0.87550 0.87790 0.87380 0.87620 0.87740 0.87720 0.87590 0.87650 0.87650 0.87660 0.87720 0.87910 0.87830 0.87720 0.87770 0.87670 0.87830 0.87810 0.87980 0.88130 0.87750 0.87270 0.87560 0.87530 0.87960 0.87930 0.87940 0.88020 0.87880 0.87810 0.88050 0.87980 0.87460 0.87790 
TASK          G_EPOCH_NUM CLIENT_NUM L_DATA_NUM L_EPOCH_NUM L_BATCH_SIZE L_LR
FashionMNIST        1000          4       6000           5           64 0.005
0.39250 0.51810 0.54900 0.55570 0.57440 0.59200 0.59680 0.59920 0.61040 0.61340 0.61280 0.62100 0.62360 0.71490 0.71990 0.72760 0.73110 0.73410 0.73620 0.73970 0.73870 0.73800 0.74010 0.74310 0.74200 0.74450 0.76740 0.81380 0.81790 0.81740 0.81930 0.82090 0.82210 0.82110 0.82220 0.82100 0.82290 0.82300 0.82540 0.82490 0.82670 0.82720 0.82620 0.82660 0.82670 0.82790 0.82760 0.82890 0.82910 0.83070 0.83050 0.82850 0.83070 0.82890 0.83100 0.82920 0.83070 0.83030 0.83100 0.83230 0.83180 0.83130 0.87650 0.87610 0.87810 0.87550 0.87570 0.87720 0.87680 0.87700 0.87790 0.87900 0.87800 0.87940 0.87890 0.87920 0.88150 0.88110 0.88060 0.87940 0.88070 0.88150 0.88170 0.88020 0.88230 0.88130 0.88390 0.88190 0.88360 0.88440 0.88200 0.88250 0.88390 0.88050 0.88120 0.88330 0.88250 0.88260 0.88280 0.88360 
TASK          G_EPOCH_NUM CLIENT_NUM L_DATA_NUM L_EPOCH_NUM L_BATCH_SIZE L_LR
FashionMNIST        1000          5       6000           5           64 0.005
0.26300 0.40370 0.44940 0.71080 0.74430 0.75990 0.77460 0.78480 0.80040 0.80860 0.81540 0.81950 0.82590 0.83130 0.83450 0.83750 0.84210 0.84510 0.84640 0.84910 0.85020 0.85260 0.85540 0.85710 0.85750 0.85760 0.85990 0.86010 0.86230 0.86350 0.86560 0.86550 0.86670 0.86570 0.86580 0.86890 0.86960 0.86860 0.87060 0.87150 0.87110 0.87220 0.87350 0.87250 0.87440 0.87410 0.87460 0.87500 0.87620 0.87570 0.87860 0.87700 0.87900 0.87640 0.87990 0.87990 0.87980 0.87920 0.88150 0.88230 0.88180 0.88280 0.87980 0.88230 0.88410 0.88150 0.88220 0.88270 0.88350 0.88350 0.88500 0.88580 0.88530 0.88500 0.88550 0.88510 0.88510 0.88670 0.88480 0.88750 0.88720 0.88660 0.88570 0.88910 0.88590 0.88820 0.88860 0.88900 0.88730 0.88750 0.88930 0.88730 0.88750 0.88940 0.88940 0.88700 0.88750 0.88720 0.88980 0.89130 
TASK          G_EPOCH_NUM CLIENT_NUM L_DATA_NUM L_EPOCH_NUM L_BATCH_SIZE L_LR
FashionMNIST        1000          6       6000           5           64 0.005
0.35260 0.48850 0.53900 0.64230 0.74960 0.76340 0.77510 0.78430 0.79560 0.80750 0.81340 0.82090 0.82430 0.82780 0.83090 0.83370 0.83750 0.84220 0.84410 0.84680 0.84620 0.85070 0.85240 0.85460 0.85450 0.85680 0.85850 0.85750 0.85950 0.86180 0.86200 0.86190 0.86490 0.86430 0.86720 0.86590 0.86510 0.86700 0.86980 0.86770 0.86970 0.86960 0.87070 0.87220 0.87230 0.87340 0.87330 0.87400 0.87510 0.87360 0.87610 0.87520 0.87640 0.87660 0.88040 0.87750 0.87680 0.87930 0.87900 0.88000 0.87990 0.87850 0.88000 0.88200 0.88040 0.88310 0.88050 0.88280 0.88310 0.88320 0.88220 0.88280 0.88260 0.88370 0.88650 0.88410 0.88420 0.88680 0.88510 0.88460 0.88750 0.88530 0.88330 0.88530 0.88610 0.88720 0.88820 0.88660 0.88710 0.88930 0.88690 0.88670 0.88880 0.88830 0.88880 0.88820 0.88860 0.88970 0.88760 0.88850 
TASK          G_EPOCH_NUM CLIENT_NUM L_DATA_NUM L_EPOCH_NUM L_BATCH_SIZE L_LR
FashionMNIST        1000          7       6000           5           64 0.005
0.49420 0.62570 0.64940 0.66420 0.67220 0.68500 0.69350 0.70150 0.71050 0.71810 0.80640 0.81420 0.81940 0.82420 0.82920 0.83090 0.83760 0.83950 0.84240 0.84540 0.84810 0.85180 0.85190 0.85580 0.85450 0.85650 0.85970 0.85970 0.86160 0.86230 0.86490 0.86730 0.86790 0.86870 0.87120 0.87070 0.87130 0.87360 0.87460 0.87480 0.87450 0.87490 0.87600 0.87310 0.87620 0.87620 0.87570 0.87730 0.87690 0.87740 0.87770 0.87640 0.88010 0.87920 0.88090 0.88000 0.88150 0.88130 0.88240 0.88140 0.88170 0.88040 0.88330 0.88310 0.88220 0.88360 0.88490 0.88250 0.88510 0.88540 0.88630 0.88530 0.88620 0.88700 0.88650 0.88660 0.88790 0.88870 0.88780 0.88920 0.88890 0.88910 0.88850 0.88930 0.88970 0.88980 0.89000 0.89090 0.89120 0.89100 0.89060 0.89060 0.89190 0.89060 0.89270 0.89090 0.89220 0.89170 0.89170 0.89230 
