FashionMNIST        1000          3       6000           5           64 0.005
0.37990 0.48530 0.49560 0.50130 0.50140 0.56620 0.56800 0.57590 0.57680 0.58600 0.58520 0.59130 0.59460 0.59700 0.59860 0.60090 0.60310 0.60590 0.60430 0.60800 0.60590 0.60790 0.61130 0.61090 0.61300 0.61370 0.61550 0.61510 0.61710 0.61430 0.61700 0.62110 0.62050 0.61850 0.62010 0.61990 0.61810 0.62230 0.61920 0.62190 0.62280 0.62380 0.62260 0.62190 0.62360 0.62200 0.62310 0.62580 0.62410 0.62380 0.62390 0.62550 0.62510 0.62450 0.62490 0.62810 0.62690 0.62630 0.62640 0.62480 0.62670 0.62660 0.62630 0.62660 0.62480 0.62570 0.62750 0.62440 0.62910 0.62530 0.62580 0.62750 0.62720 0.62720 0.62800 0.62640 0.62800 0.62800 0.62900 0.62800 0.62910 0.62590 0.62760 0.62870 0.62400 0.62430 0.62790 0.62790 0.62730 0.62890 0.62650 0.62820 0.62920 0.62950 0.62620 0.62790 0.62690 0.62660 0.62860 0.62710 
TASK          G_EPOCH_NUM CLIENT_NUM L_DATA_NUM L_EPOCH_NUM L_BATCH_SIZE L_LR
FashionMNIST        1000          4       6000           5           64 0.005
0.44620 0.59950 0.61020 0.61910 0.62600 0.62970 0.63480 0.64030 0.64210 0.64540 0.64680 0.64840 0.64920 0.65140 0.65170 0.65260 0.65260 0.65390 0.65400 0.65510 0.65510 0.65470 0.65690 0.65600 0.65800 0.65880 0.65840 0.65980 0.65910 0.65990 0.65970 0.66060 0.66170 0.66240 0.66090 0.66230 0.66210 0.66270 0.66440 0.66240 0.66480 0.66270 0.66460 0.66540 0.66610 0.66510 0.66670 0.66700 0.66650 0.66680 0.66620 0.66720 0.66620 0.66640 0.66680 0.66660 0.66720 0.66760 0.66770 0.66790 0.66800 0.66810 0.66730 0.66810 0.66750 0.66850 0.66780 0.66850 0.66890 0.66830 0.66880 0.66860 0.66850 0.66820 0.66870 0.66820 0.66910 0.66870 0.66780 0.66910 0.66720 0.66880 0.66910 0.66990 0.67000 0.66970 0.67010 0.66900 0.66900 0.66830 0.66940 0.66960 0.66940 0.67030 0.67050 0.66880 0.66900 0.67080 0.67090 0.67060 
TASK          G_EPOCH_NUM CLIENT_NUM L_DATA_NUM L_EPOCH_NUM L_BATCH_SIZE L_LR
FashionMNIST        1000          5       6000           5           64 0.005
0.39490 0.53930 0.56720 0.57860 0.59390 0.60470 0.61520 0.62160 0.62870 0.63720 0.63910 0.64420 0.64840 0.65220 0.65470 0.66000 0.66310 0.66390 0.66690 0.66770 0.67120 0.67580 0.67460 0.67490 0.67860 0.67750 0.67910 0.67780 0.68010 0.67910 0.68190 0.68290 0.77430 0.77450 0.77610 0.77690 0.80410 0.86810 0.87240 0.87200 0.87280 0.87110 0.87380 0.87530 0.87380 0.87220 0.87630 0.87580 0.87630 0.87900 0.87850 0.88020 0.88090 0.88220 0.87970 0.88270 0.87970 0.88350 0.88290 0.88190 0.88230 0.88220 0.88350 0.88370 0.88370 0.88260 0.88250 0.88350 0.88480 0.88190 0.88540 0.88470 0.88510 0.88710 0.88450 0.88470 0.88440 0.88640 0.88580 0.88630 0.88640 0.88470 0.88460 0.88650 0.88760 0.88590 0.88600 0.88460 0.88600 0.88580 0.88670 0.88760 0.88710 0.88770 0.88780 0.88540 0.88670 0.88710 0.88940 0.88900 
TASK          G_EPOCH_NUM CLIENT_NUM L_DATA_NUM L_EPOCH_NUM L_BATCH_SIZE L_LR
FashionMNIST        1000          6       6000           5           64 0.005
0.44230 0.49840 0.52960 0.64610 0.66870 0.67640 0.77800 0.79050 0.80080 0.80970 0.81950 0.82330 0.82940 0.83150 0.83980 0.84210 0.84360 0.84900 0.84880 0.85060 0.85450 0.85520 0.85610 0.85850 0.86170 0.86180 0.86350 0.86490 0.86300 0.86450 0.86870 0.86630 0.86850 0.86770 0.87080 0.87130 0.87170 0.87470 0.87280 0.87430 0.87610 0.87760 0.87740 0.87700 0.87770 0.87670 0.87850 0.88040 0.88220 0.88390 0.88240 0.88240 0.88300 0.88390 0.88480 0.88510 0.88460 0.88540 0.88680 0.88700 0.88680 0.88730 0.88950 0.88900 0.88910 0.88880 0.88710 0.89000 0.88740 0.88880 0.89070 0.89030 0.88530 0.88790 0.89070 0.89230 0.89090 0.89250 0.89290 0.89210 0.89380 0.89170 0.89320 0.89390 0.89530 0.89240 0.89310 0.89460 0.89350 0.89380 0.89060 0.89510 0.89520 0.89400 0.89240 0.89470 0.89570 0.89320 0.89400 0.89400 
TASK          G_EPOCH_NUM CLIENT_NUM L_DATA_NUM L_EPOCH_NUM L_BATCH_SIZE L_LR
FashionMNIST        1000          7       6000           5           64 0.005
0.44710 0.68460 0.71690 0.75330 0.76760 0.77810 0.79780 0.80630 0.81570 0.82360 0.83030 0.83410 0.83740 0.84260 0.84740 0.84810 0.85140 0.85300 0.85680 0.85870 0.85740 0.86170 0.86280 0.86160 0.86260 0.86490 0.86480 0.86670 0.86920 0.86870 0.86950 0.87030 0.87030 0.87060 0.87290 0.87280 0.87170 0.87360 0.87380 0.87520 0.87600 0.87730 0.87600 0.87770 0.87780 0.87900 0.87940 0.88090 0.88150 0.87930 0.88020 0.88210 0.88120 0.88380 0.88320 0.88380 0.88460 0.88460 0.88530 0.88550 0.88510 0.88650 0.88710 0.88680 0.88540 0.88790 0.88690 0.88870 0.88850 0.88780 0.88780 0.88840 0.88880 0.88930 0.88900 0.88880 0.88770 0.88850 0.88950 0.88910 0.89030 0.89070 0.89150 0.88960 0.89130 0.88900 0.89100 0.89200 0.89210 0.89080 0.89070 0.89120 0.89210 0.89280 0.89300 0.89380 0.89280 0.89250 0.89260 0.89090 
