FashionMNIST        1000          3       6000           5           64 0.005
0.54840 0.63030 0.66490 0.67720 0.68830 0.69900 0.70940 0.71660 0.72330 0.72850 0.73320 0.74230 0.74460 0.74760 0.75540 0.75630 0.76040 0.76320 0.76350 0.76320 0.76310 0.76900 0.77330 0.77360 0.77600 0.77700 0.77530 0.77830 0.77690 0.77880 0.78050 0.78160 0.78110 0.78050 0.78380 0.78380 0.78360 0.78560 0.78680 0.78770 0.78900 0.78890 0.78770 0.78950 0.78990 0.79020 0.79170 0.79280 0.79030 0.78880 0.79200 0.79110 0.79170 0.79300 0.79330 0.79200 0.79340 0.79520 0.79210 0.79390 0.79580 0.79440 0.79300 0.79570 0.79590 0.79540 0.79450 0.79440 0.79580 0.79480 0.79540 0.79590 0.79550 0.79200 0.79430 0.79460 0.79510 0.79610 0.79610 0.79290 0.79470 0.79550 0.79730 0.79590 0.79700 0.79540 0.79450 0.79480 0.79460 0.79530 0.79600 0.79510 0.79480 0.87840 0.87930 0.87950 0.87840 0.87640 0.87980 0.88080 
TASK          G_EPOCH_NUM CLIENT_NUM L_DATA_NUM L_EPOCH_NUM L_BATCH_SIZE L_LR
FashionMNIST        1000          4       6000           5           64 0.005
0.47830 0.57300 0.60210 0.61300 0.70130 0.74650 0.75190 0.76210 0.77000 0.77810 0.78170 0.78560 0.78800 0.78980 0.79210 0.79290 0.79570 0.79970 0.80080 0.80250 0.80270 0.80560 0.80560 0.80970 0.81150 0.81160 0.81360 0.81440 0.81170 0.81560 0.81540 0.81610 0.81790 0.81600 0.81590 0.81850 0.82080 0.82020 0.81980 0.82250 0.82260 0.82190 0.82320 0.82290 0.82360 0.82360 0.82500 0.82410 0.82480 0.82540 0.82570 0.82630 0.82800 0.82670 0.82680 0.82660 0.82780 0.82770 0.82800 0.82800 0.82630 0.82710 0.82880 0.82920 0.82860 0.82870 0.82920 0.82820 0.82960 0.83150 0.82910 0.87580 0.87590 0.87850 0.87670 0.87910 0.87940 0.87880 0.87810 0.87810 0.87950 0.87980 0.87960 0.88180 0.88030 0.87950 0.88080 0.87950 0.87770 0.88140 0.88040 0.88250 0.88030 0.87950 0.88300 0.88060 0.88270 0.88250 0.88180 0.88170 
TASK          G_EPOCH_NUM CLIENT_NUM L_DATA_NUM L_EPOCH_NUM L_BATCH_SIZE L_LR
FashionMNIST        1000          5       6000           5           64 0.005
0.48410 0.61200 0.63620 0.64830 0.74730 0.75360 0.76140 0.76920 0.77720 0.78210 0.78390 0.78930 0.80480 0.81790 0.82190 0.82840 0.83380 0.83600 0.84090 0.84350 0.84410 0.84780 0.84810 0.85220 0.85250 0.85260 0.85660 0.85810 0.85860 0.86320 0.86120 0.86140 0.86370 0.86440 0.86670 0.86480 0.87000 0.86880 0.87000 0.86890 0.87270 0.87170 0.87140 0.87390 0.87480 0.87450 0.87380 0.87610 0.87690 0.87690 0.87720 0.87740 0.87780 0.87800 0.87720 0.87970 0.87770 0.87860 0.87860 0.87840 0.88180 0.88090 0.88200 0.88100 0.88100 0.87960 0.88190 0.88120 0.88080 0.88200 0.88350 0.88170 0.88320 0.88260 0.88480 0.88510 0.88450 0.88480 0.88280 0.88470 0.88330 0.88500 0.88500 0.88570 0.88320 0.88410 0.88560 0.88480 0.88520 0.88510 0.88680 0.88590 0.88690 0.88640 0.88730 0.88790 0.88680 0.88710 0.88510 0.88620 
TASK          G_EPOCH_NUM CLIENT_NUM L_DATA_NUM L_EPOCH_NUM L_BATCH_SIZE L_LR
FashionMNIST        1000          6       6000           5           64 0.005
0.42670 0.65570 0.68250 0.69580 0.70380 0.70930 0.71590 0.72140 0.72260 0.77920 0.78480 0.78690 0.78860 0.79140 0.79530 0.79840 0.80090 0.80180 0.80480 0.80730 0.80960 0.80930 0.81250 0.81360 0.81410 0.81660 0.81820 0.85120 0.85410 0.85570 0.86000 0.86180 0.86240 0.86490 0.86420 0.86460 0.86700 0.86800 0.86810 0.86920 0.86930 0.87230 0.87100 0.87070 0.87260 0.87400 0.87450 0.87500 0.87540 0.87480 0.87560 0.87730 0.87700 0.87650 0.87810 0.87740 0.87860 0.87970 0.88010 0.88100 0.88000 0.88150 0.88300 0.87970 0.88230 0.88130 0.88330 0.88230 0.88480 0.88440 0.88520 0.88410 0.88470 0.88590 0.88540 0.88660 0.88470 0.88690 0.88580 0.88700 0.88690 0.88740 0.88750 0.88730 0.88650 0.88760 0.88880 0.88750 0.88800 0.88790 0.88680 0.88740 0.88410 0.88820 0.88820 0.88890 0.89000 0.88950 0.89020 0.88930 
TASK          G_EPOCH_NUM CLIENT_NUM L_DATA_NUM L_EPOCH_NUM L_BATCH_SIZE L_LR
FashionMNIST        1000          7       6000           5           64 0.005
0.52030 0.63990 0.66530 0.67890 0.69030 0.69600 0.70740 0.71480 0.78970 0.79670 0.80710 0.81170 0.81880 0.82780 0.83330 0.83580 0.84080 0.84370 0.84640 0.84790 0.85020 0.85460 0.85610 0.85570 0.85750 0.86120 0.86060 0.86110 0.86470 0.86450 0.86620 0.86640 0.86740 0.86970 0.86810 0.87110 0.87110 0.86950 0.87060 0.87220 0.87360 0.87400 0.87380 0.87410 0.87510 0.87630 0.87560 0.87750 0.87690 0.87890 0.87900 0.88000 0.88180 0.88350 0.88160 0.88270 0.88340 0.88400 0.88330 0.88240 0.88410 0.88400 0.88430 0.88650 0.88640 0.88630 0.88640 0.88850 0.88680 0.88790 0.88910 0.89010 0.88960 0.88850 0.88900 0.88980 0.89060 0.88940 0.89110 0.89080 0.89120 0.89100 0.88970 0.89210 0.89290 0.89280 0.89080 0.89280 0.89260 0.89420 0.89460 0.89270 0.89310 0.89220 0.89430 0.89410 0.89500 0.89320 0.89390 0.89460 
