TASK          G_EPOCH_NUM CLIENT_NUM L_DATA_NUM L_EPOCH_NUM L_BATCH_SIZE L_LR SIGMA
FashionMNIST          500        100        600           5           10 0.01   0.9

TASK          G_EPOCH_NUM CLIENT_NUM L_DATA_NUM L_EPOCH_NUM L_BATCH_SIZE L_LR SIGMA
FashionMNIST          500        100        600           5           10 0.01   0.8
0.07983 0.06538 0.05768 0.05268 0.04981 0.04774 0.04606 0.04464 0.04360 0.04271 0.04199 0.04140 0.04091 0.04055 0.04020 0.03990 0.03979 0.03968 0.03956 0.03962 0.03957 0.03956 0.03953 0.03960 0.03964 0.03980 0.03989 0.03997 0.04006 0.04020 0.04035 0.04034 0.04057 0.04057 0.04069 0.04078 0.04083 0.04097 0.04106 0.04118 0.04133 0.04146 0.04172 0.04184 0.04188 0.04209 0.04219 0.04221 0.04235 0.04250 
TASK          G_EPOCH_NUM CLIENT_NUM L_DATA_NUM L_EPOCH_NUM L_BATCH_SIZE L_LR SIGMA
FashionMNIST          500        100        600           5           10 0.01   0.6
0.06744 0.05642 0.05007 0.04623 0.04377 0.04194 0.04054 0.03942 0.03871 0.03813 0.03771 0.03741 0.03716 0.03689 0.03662 0.03654 0.03636 0.03631 0.03634 0.03626 0.03641 0.03641 0.03647 0.03666 0.03668 0.03693 0.03698 0.03723 0.03740 0.03761 0.03770 0.03787 0.03812 0.03826 0.03846 0.03866 0.03877 0.03903 0.03919 0.03943 0.03967 0.03973 0.03993 0.04014 0.04042 0.04060 0.04067 0.04090 0.04114 0.04133 
TASK          G_EPOCH_NUM CLIENT_NUM L_DATA_NUM L_EPOCH_NUM L_BATCH_SIZE L_LR SIGMA
FashionMNIST          500        100        600           5           10 0.01   0.5
0.06664 0.05435 0.04852 0.04504 0.04259 0.04084 0.03971 0.03888 0.03822 0.03767 0.03727 0.03700 0.03674 0.03650 0.03653 0.03639 0.03646 0.03645 0.03656 0.03671 0.03687 0.03710 0.03730 0.03750 0.03773 0.03798 0.03820 0.03844 0.03879 0.03897 0.03914 0.03929 0.03946 0.03979 0.03986 0.04013 0.04018 0.04045 0.04063 0.04084 0.04101 0.04123 0.04138 0.04160 0.04188 0.04190 0.04225 0.04244 0.04260 0.04269 
TASK          G_EPOCH_NUM CLIENT_NUM L_DATA_NUM L_EPOCH_NUM L_BATCH_SIZE L_LR SIGMA
FashionMNIST          500        100        600           5           10 0.01   0.3
0.06058 0.05010 0.04458 0.04142 0.03937 0.03805 0.03709 0.03634 0.03586 0.03547 0.03529 0.03513 0.03506 0.03504 0.03516 0.03517 0.03537 0.03547 0.03568 0.03571 0.03592 0.03599 0.03619 0.03633 0.03645 0.03666 0.03680 0.03701 0.03724 0.03738 0.03763 0.03775 0.03786 0.03821 0.03822 0.03844 0.03854 0.03871 0.03893 0.03918 0.03917 0.03936 0.03953 0.03959 0.03982 0.03999 0.04013 0.04037 0.04046 0.04061 
