TASK          G_EPOCH_NUM CLIENT_NUM L_DATA_NUM L_EPOCH_NUM L_BATCH_SIZE L_LR SIGMA
FashionMNIST          500        100        600           5           10 0.01   0.9
0.40700 0.59680 0.67650 0.71280 0.73170 0.75340 0.77020 0.79020 0.80700 0.81630 0.82400 0.83270 0.83840 0.84130 0.84470 0.84850 0.84990 0.85030 0.85180 0.85230 0.85350 0.85490 0.85650 0.85670 0.85650 0.85810 0.85910 0.85940 0.85960 0.86000 0.86040 0.85960 0.85950 0.86010 0.85990 0.86050 0.86050 0.86100 0.86070 0.86110 0.86100 0.86120 0.86240 0.86240 0.86170 0.86240 0.86370 0.86250 0.86320 0.86400 
TASK          G_EPOCH_NUM CLIENT_NUM L_DATA_NUM L_EPOCH_NUM L_BATCH_SIZE L_LR SIGMA
FashionMNIST          500        100        600           5           10 0.01   0.8
0.64050 0.68150 0.70590 0.72380 0.73570 0.74470 0.75310 0.75830 0.76170 0.76450 0.76610 0.76900 0.77070 0.77180 0.77490 0.77410 0.77450 0.77320 0.77360 0.77340 0.77450 0.77580 0.77560 0.77740 0.77790 0.77920 0.78080 0.78020 0.77870 0.78010 0.78040 0.87150 0.87200 0.87220 0.87250 0.87270 0.87290 0.87300 0.87320 0.87310 0.87300 0.87390 0.87380 0.87430 0.87390 0.87400 0.87470 0.87510 0.87520 0.87470 
TASK          G_EPOCH_NUM CLIENT_NUM L_DATA_NUM L_EPOCH_NUM L_BATCH_SIZE L_LR SIGMA
FashionMNIST          500        100        600           5           10 0.01   0.6
0.59780 0.63660 0.73240 0.75120 0.76120 0.76610 0.77200 0.77500 0.86690 0.86960 0.87160 0.87290 0.87520 0.87780 0.87840 0.87960 0.87950 0.87850 0.88000 0.87950 0.87980 0.88100 0.88200 0.88110 0.88170 0.88320 0.88400 0.88380 0.88340 0.88260 0.88380 0.88410 0.88600 0.88490 0.88470 0.88660 0.88620 0.88580 0.88540 0.88630 0.88750 0.88710 0.88670 0.88720 0.88730 0.88770 0.88740 0.88820 0.88780 0.88760 
TASK          G_EPOCH_NUM CLIENT_NUM L_DATA_NUM L_EPOCH_NUM L_BATCH_SIZE L_LR SIGMA
FashionMNIST          500        100        600           5           10 0.01   0.5
0.69950 0.73570 0.76810 0.84160 0.85460 0.86100 0.86550 0.86920 0.87260 0.87470 0.87780 0.87890 0.88090 0.88250 0.88400 0.88460 0.88540 0.88520 0.88640 0.88630 0.88730 0.88800 0.88800 0.88820 0.88900 0.88950 0.88910 0.88940 0.88920 0.88930 0.89020 0.88940 0.89030 0.89060 0.89130 0.89080 0.89090 0.89050 0.89130 0.89120 0.89150 0.89210 0.89220 0.89190 0.89220 0.89220 0.89170 0.89240 0.89210 0.89190 
TASK          G_EPOCH_NUM CLIENT_NUM L_DATA_NUM L_EPOCH_NUM L_BATCH_SIZE L_LR SIGMA
FashionMNIST          500        100        600           5           10 0.01   0.3
0.75200 0.78820 0.82700 0.84360 0.85450 0.86310 0.87060 0.87360 0.87480 0.87740 0.88010 0.88260 0.88350 0.88430 0.88470 0.88570 0.88660 0.88740 0.88740 0.89010 0.89080 0.89140 0.89140 0.89200 0.89210 0.89300 0.89380 0.89400 0.89370 0.89460 0.89340 0.89400 0.89480 0.89520 0.89560 0.89550 0.89530 0.89540 0.89540 0.89510 0.89560 0.89530 0.89470 0.89590 0.89650 0.89690 0.89700 0.89680 0.89740 0.89710 
