TASK          G_EPOCH_NUM CLIENT_NUM L_DATA_NUM L_EPOCH_NUM L_BATCH_SIZE L_LR SIGMA
FashionMNIST          500        100        600           5           10 0.01   0.9

TASK          G_EPOCH_NUM CLIENT_NUM L_DATA_NUM L_EPOCH_NUM L_BATCH_SIZE L_LR SIGMA
FashionMNIST          500        100        600           5           10 0.01   0.8
0.09716 0.06418 0.05737 0.05297 0.05009 0.04787 0.04609 0.04449 0.04327 0.04228 0.04158 0.04097 0.04061 0.04042 0.04016 0.04010 0.03990 0.03984 0.03976 0.03965 0.03958 0.03958 0.03962 0.03960 0.03967 0.03973 0.03985 0.03997 0.03998 0.04003 0.04003 0.04022 0.04032 0.04049 0.04063 0.04062 0.04076 0.04082 0.04095 0.04112 0.04134 0.04141 0.04160 0.04173 0.04192 0.04205 0.04219 0.04225 0.04248 0.04259 
TASK          G_EPOCH_NUM CLIENT_NUM L_DATA_NUM L_EPOCH_NUM L_BATCH_SIZE L_LR SIGMA
FashionMNIST          500        100        600           5           10 0.01   0.6
0.06970 0.05653 0.05001 0.04621 0.04336 0.04135 0.04001 0.03898 0.03827 0.03761 0.03723 0.03700 0.03679 0.03665 0.03664 0.03654 0.03660 0.03667 0.03671 0.03688 0.03704 0.03711 0.03732 0.03749 0.03767 0.03786 0.03802 0.03821 0.03835 0.03860 0.03878 0.03902 0.03915 0.03929 0.03951 0.03959 0.03976 0.03997 0.04016 0.04035 0.04066 0.04077 0.04102 0.04122 0.04137 0.04162 0.04173 0.04190 0.04211 0.04222 
TASK          G_EPOCH_NUM CLIENT_NUM L_DATA_NUM L_EPOCH_NUM L_BATCH_SIZE L_LR SIGMA
FashionMNIST          500        100        600           5           10 0.01   0.5
0.10291 0.05816 0.04962 0.04522 0.04234 0.04026 0.03882 0.03773 0.03700 0.03640 0.03609 0.03582 0.03577 0.03572 0.03568 0.03567 0.03580 0.03599 0.03616 0.03628 0.03652 0.03672 0.03702 0.03725 0.03752 0.03779 0.03798 0.03823 0.03847 0.03872 0.03892 0.03911 0.03943 0.03953 0.03971 0.04002 0.04024 0.04053 0.04067 0.04096 0.04117 0.04133 0.04155 0.04189 0.04198 0.04229 0.04250 0.04267 0.04284 0.04312 
TASK          G_EPOCH_NUM CLIENT_NUM L_DATA_NUM L_EPOCH_NUM L_BATCH_SIZE L_LR SIGMA
FashionMNIST          500        100        600           5           10 0.01   0.3
0.06320 0.05116 0.04527 0.04201 0.03979 0.03826 0.03720 0.03631 0.03570 0.03524 0.03497 0.03474 0.03467 0.03461 0.03468 0.03486 0.03511 0.03537 0.03559 0.03591 0.03611 0.03651 0.03673 0.03697 0.03733 0.03771 0.03784 0.03817 0.03844 0.03870 0.03904 0.03936 0.03953 0.03983 0.04020 0.04033 0.04079 0.04095 0.04117 0.04128 0.04151 0.04177 0.04204 0.04232 0.04253 0.04278 0.04302 