TASK          G_EPOCH_NUM CLIENT_NUM L_DATA_NUM L_EPOCH_NUM L_BATCH_SIZE L_LR SIGMA
FashionMNIST          500        100        600           5           10 0.01   0.9
0.49980 0.63260 0.69600 0.71570 0.73770 0.75530 0.77130 0.78890 0.80610 0.81470 0.82380 0.83180 0.83740 0.84160 0.84660 0.84890 0.85130 0.85320 0.85650 0.85810 0.85940 0.86010 0.86230 0.86240 0.86250 0.86160 0.86310 0.86330 0.86330 0.86350 0.86350 0.86390 0.86360 0.86510 0.86490 0.86550 0.86680 0.86710 0.86710 0.86850 0.86870 0.86930 0.86960 0.86900 0.87040 0.87100 0.87080 0.87170 0.87060 0.87030 
TASK          G_EPOCH_NUM CLIENT_NUM L_DATA_NUM L_EPOCH_NUM L_BATCH_SIZE L_LR SIGMA
FashionMNIST          500        100        600           5           10 0.01   0.8
0.70580 0.74840 0.78060 0.80320 0.81520 0.82620 0.83450 0.84120 0.84590 0.85100 0.85520 0.85680 0.86030 0.86330 0.86400 0.86570 0.86780 0.86900 0.86990 0.86900 0.87000 0.87130 0.87140 0.87000 0.87040 0.87270 0.87260 0.87440 0.87480 0.87570 0.87600 0.87540 0.87550 0.87580 0.87750 0.87750 0.87790 0.87810 0.87810 0.87750 0.87820 0.87850 0.87780 0.87880 0.87850 0.87870 0.87870 0.87930 0.88030 0.87930 
TASK          G_EPOCH_NUM CLIENT_NUM L_DATA_NUM L_EPOCH_NUM L_BATCH_SIZE L_LR SIGMA
FashionMNIST          500        100        600           5           10 0.01   0.6
0.74310 0.78490 0.81840 0.83620 0.84600 0.85390 0.85930 0.86310 0.86530 0.86800 0.86920 0.87100 0.87180 0.87380 0.87480 0.87700 0.87830 0.87880 0.88070 0.88110 0.88220 0.88310 0.88320 0.88480 0.88570 0.88560 0.88640 0.88700 0.88790 0.88740 0.88810 0.88850 0.88830 0.88900 0.88880 0.88970 0.89010 0.88980 0.89130 0.89110 0.89120 0.89200 0.89140 0.89220 0.89240 0.89160 0.89260 0.89220 0.89290 0.89290 
TASK          G_EPOCH_NUM CLIENT_NUM L_DATA_NUM L_EPOCH_NUM L_BATCH_SIZE L_LR SIGMA
FashionMNIST          500        100        600           5           10 0.01   0.5
0.74950 0.79840 0.82350 0.83760 0.84920 0.85840 0.86030 0.86490 0.86820 0.87040 0.87400 0.87650 0.87700 0.87870 0.87950 0.88020 0.88230 0.88230 0.88300 0.88320 0.88360 0.88280 0.88350 0.88480 0.88460 0.88530 0.88490 0.88710 0.88620 0.88690 0.88740 0.88790 0.88760 0.88780 0.88810 0.88760 0.88820 0.88830 0.88820 0.88810 0.88850 0.88800 0.88740 0.88810 0.88790 0.88760 0.88700 0.88730 0.88780 0.88740 
TASK          G_EPOCH_NUM CLIENT_NUM L_DATA_NUM L_EPOCH_NUM L_BATCH_SIZE L_LR SIGMA
FashionMNIST          500        100        600           5           10 0.01   0.3
0.76930 0.82270 0.84430 0.85490 0.86290 0.86850 0.87360 0.87710 0.87950 0.88070 0.88160 0.88330 0.88470 0.88670 0.88740 0.88690 0.88640 0.88730 0.88840 0.88910 0.88890 0.88920 0.89110 0.89120 0.89300 0.89340 0.89370 0.89320 0.89350 0.89320 0.89350 0.89330 0.89400 0.89400 0.89420 0.89350 0.89410 0.89400 0.89440 0.89450 0.89420 0.89510 0.89460 0.89480 0.89470 0.89560 0.89520 0.89520 