TASK          G_EPOCH_NUM CLIENT_NUM L_DATA_NUM L_EPOCH_NUM L_BATCH_SIZE L_LR SIGMA
FashionMNIST          500        100        600           5           10 0.01   0.9

TASK          G_EPOCH_NUM CLIENT_NUM L_DATA_NUM L_EPOCH_NUM L_BATCH_SIZE L_LR SIGMA
FashionMNIST          500        100        600           5           10 0.01   0.8
0.09672 0.08344 0.07728 0.07320 0.07050 0.06848 0.06697 0.06578 0.06491 0.06426 0.06372 0.06318 0.06290 0.06269 0.06257 0.06243 0.06244 0.06244 0.06257 0.06262 0.06272 0.06291 0.06304 0.06331 0.06348 0.06364 0.06386 0.06399 0.06418 0.06437 0.06455 0.04264 0.04272 0.04285 0.04298 0.04303 0.04332 0.04351 0.04356 0.04380 0.04386 0.04414 0.04434 0.04459 0.04469 0.04490 0.04511 0.04514 0.04536 0.04550 
TASK          G_EPOCH_NUM CLIENT_NUM L_DATA_NUM L_EPOCH_NUM L_BATCH_SIZE L_LR SIGMA
FashionMNIST          500        100        600           5           10 0.01   0.6
0.11144 0.09964 0.07294 0.06829 0.06553 0.06377 0.06243 0.06157 0.03895 0.03814 0.03755 0.03725 0.03706 0.03682 0.03676 0.03663 0.03655 0.03651 0.03651 0.03662 0.03669 0.03677 0.03686 0.03709 0.03726 0.03748 0.03764 0.03780 0.03793 0.03812 0.03835 0.03845 0.03871 0.03881 0.03906 0.03914 0.03930 0.03943 0.03954 0.03983 0.03997 0.04024 0.04019 0.04032 0.04054 0.04055 0.04076 0.04082 0.04108 0.04127 
TASK          G_EPOCH_NUM CLIENT_NUM L_DATA_NUM L_EPOCH_NUM L_BATCH_SIZE L_LR SIGMA
FashionMNIST          500        100        600           5           10 0.01   0.5
0.09863 0.07677 0.06923 0.04562 0.04233 0.04023 0.03881 0.03789 0.03716 0.03656 0.03613 0.03580 0.03551 0.03539 0.03545 0.03548 0.03566 0.03573 0.03587 0.03606 0.03630 0.03656 0.03682 0.03698 0.03723 0.03752 0.03771 0.03788 0.03814 0.03833 0.03854 0.03879 0.03900 0.03910 0.03937 0.03960 0.03973 0.04005 0.04021 0.04042 0.04071 0.04083 0.04105 0.04132 0.04148 0.04159 0.04183 0.04210 0.04214 0.04234 
TASK          G_EPOCH_NUM CLIENT_NUM L_DATA_NUM L_EPOCH_NUM L_BATCH_SIZE L_LR SIGMA
FashionMNIST          500        100        600           5           10 0.01   0.3
0.08371 0.07194 0.04841 0.04420 0.04129 0.03931 0.03803 0.03721 0.03672 0.03620 0.03588 0.03568 0.03547 0.03535 0.03528 0.03522 0.03522 0.03525 0.03535 0.03544 0.03558 0.03568 0.03595 0.03620 0.03630 0.03652 0.03671 0.03679 0.03718 0.03736 0.03762 0.03795 0.03808 0.03829 0.03851 0.03881 0.03901 0.03932 0.03949 0.03964 0.03984 0.03996 0.04022 0.04040 0.04055 0.04076 0.04091 0.04103 0.04131 0.04143 
