TASK          G_EPOCH_NUM CLIENT_NUM L_DATA_NUM L_EPOCH_NUM L_BATCH_SIZE L_LR SIGMA
FashionMNIST          500        100        600           5           10 0.01   0.9
0.10000 0.56690 0.64130 0.70380 0.73330 0.75190 0.76820 0.78520 0.80560 0.81630 0.82590 0.83590 0.84450 0.84670 0.85070 0.85320 0.85510 0.85660 0.85740 0.85870 0.85840 0.86030 0.86050 0.86170 0.86310 0.86420 0.86590 0.86650 0.86690 0.86770 0.86710 0.86700 0.86700 0.86590 0.86550 0.86580 0.86530 0.86670 0.86600 0.86650 0.86580 0.86670 0.86520 0.86590 0.86510 0.86680 0.86610 0.86670 0.86640 0.86760 
TASK          G_EPOCH_NUM CLIENT_NUM L_DATA_NUM L_EPOCH_NUM L_BATCH_SIZE L_LR SIGMA
FashionMNIST          500        100        600           5           10 0.01   0.8
0.63050 0.75600 0.78600 0.80280 0.81660 0.82660 0.83520 0.84370 0.84920 0.85420 0.85670 0.85920 0.86150 0.86300 0.86530 0.86570 0.86770 0.86860 0.87030 0.87130 0.87380 0.87490 0.87620 0.87680 0.87800 0.87870 0.87930 0.87870 0.87880 0.87980 0.88060 0.88120 0.88140 0.88250 0.88200 0.88250 0.88300 0.88320 0.88330 0.88330 0.88320 0.88310 0.88430 0.88360 0.88320 0.88350 0.88420 0.88330 0.88350 0.88290 
TASK          G_EPOCH_NUM CLIENT_NUM L_DATA_NUM L_EPOCH_NUM L_BATCH_SIZE L_LR SIGMA
FashionMNIST          500        100        600           5           10 0.01   0.6
0.73250 0.78420 0.81490 0.83220 0.84550 0.85140 0.85800 0.86210 0.86540 0.86980 0.87110 0.87350 0.87510 0.87680 0.87880 0.87990 0.88110 0.88090 0.88260 0.88400 0.88340 0.88410 0.88370 0.88390 0.88530 0.88580 0.88610 0.88600 0.88540 0.88620 0.88610 0.88610 0.88650 0.88760 0.88670 0.88670 0.88680 0.88680 0.88690 0.88750 0.88710 0.88780 0.88750 0.88840 0.88820 0.88820 0.88800 0.88810 0.88850 0.88820 
TASK          G_EPOCH_NUM CLIENT_NUM L_DATA_NUM L_EPOCH_NUM L_BATCH_SIZE L_LR SIGMA
FashionMNIST          500        100        600           5           10 0.01   0.5
0.65650 0.78270 0.81800 0.83770 0.85000 0.85710 0.86330 0.86890 0.87270 0.87490 0.87730 0.88040 0.88260 0.88410 0.88570 0.88690 0.88660 0.88800 0.88840 0.88970 0.88900 0.89060 0.89100 0.89190 0.89190 0.89210 0.89200 0.89230 0.89150 0.89100 0.89030 0.89080 0.89120 0.89080 0.89250 0.89300 0.89290 0.89350 0.89350 0.89320 0.89260 0.89360 0.89280 0.89360 0.89410 0.89350 0.89450 0.89380 0.89360 0.89330 
TASK          G_EPOCH_NUM CLIENT_NUM L_DATA_NUM L_EPOCH_NUM L_BATCH_SIZE L_LR SIGMA
FashionMNIST          500        100        600           5           10 0.01   0.3
0.76110 0.81200 0.83810 0.85260 0.86030 0.86540 0.87070 0.87410 0.87650 0.87700 0.88060 0.88360 0.88490 0.88570 0.88560 0.88630 0.88670 0.88740 0.88840 0.88900 0.88900 0.88980 0.89010 0.89100 0.89020 0.89100 0.89150 0.89240 0.89160 0.89160 0.89190 0.89190 0.89190 0.89200 0.89160 0.89210 0.89220 0.89240 0.89270 0.89230 0.89330 0.89370 0.89440 0.89460 0.89460 0.89510 0.89480 