TASK          G_EPOCH_NUM CLIENT_NUM L_DATA_NUM L_EPOCH_NUM L_BATCH_SIZE L_LR SIGMA
AG_NEWS               500          3       6000           5           10  0.1    -1
0.06733 0.04875 0.04305 0.04068 0.03965 0.03929 0.03933 0.03962 0.04008 0.04067 0.04134 0.04206 0.04280 0.04357 0.04435 0.04513 0.04591 0.04669 0.04748 0.04826 0.04903 0.04978 0.05053 0.05126 0.05198 0.05269 0.05339 0.05408 0.05476 0.05544 0.05610 0.05674 0.05738 0.05800 0.05860 0.05918 0.05974 0.06027 0.06079 0.06130 0.06179 0.06226 0.06272 0.06316 0.06359 0.06401 0.06442 0.06481 0.06519 0.06556 
0.06482 0.04741 0.04244 0.04060 0.03998 0.03994 0.04024 0.04074 0.04137 0.04208 0.04284 0.04363 0.04443 0.04523 0.04606 0.04689 0.04774 0.04858 0.04941 0.05022 0.05102 0.05182 0.05260 0.05337 0.05413 0.05488 0.05560 0.05630 0.05699 0.05766 0.05831 0.05896 0.05960 0.06022 0.06082 0.06141 0.06198 0.06253 0.06307 0.06359 0.06411 0.06460 0.06509 0.06555 0.06600 0.06644 0.06686 0.06727 0.06767 0.06805 
0.06393 0.04741 0.04256 0.04077 0.04017 0.04016 0.04045 0.04093 0.04154 0.04222 0.04295 0.04372 0.04452 0.04534 0.04617 0.04699 0.04781 0.04862 0.04942 0.05023 0.05102 0.05180 0.05257 0.05333 0.05409 0.05483 0.05556 0.05627 0.05696 0.05764 0.05829 0.05894 0.05956 0.06017 0.06077 0.06135 0.06191 0.06245 0.06298 0.06350 0.06401 0.06452 0.06501 0.06550 0.06597 0.06644 0.06689 0.06733 0.06775 0.06817 
AG_NEWS               500          4       6000           5           10  0.1    -1
0.06594 0.04818 0.04266 0.04024 0.03906 0.03850 0.03828 0.03827 0.03841 0.03864 0.03896 0.03934 0.03978 0.04025 0.04076 0.04130 0.04187 0.04246 0.04304 0.04364 0.04424 0.04484 0.04544 0.04604 0.04664 0.04723 0.04782 0.04841 0.04900 0.04958 0.05016 0.05072 0.05128 0.05183 0.05237 0.05291 0.05345 0.05397 0.05449 0.05499 0.05549 0.05599 0.05648 0.05697 0.05744 0.05792 0.05839 0.05885 0.05931 0.05976 
0.06447 0.04768 0.04233 0.03997 0.03885 0.03833 0.03817 0.03824 0.03846 0.03877 0.03915 0.03958 0.04006 0.04057 0.04110 0.04165 0.04221 0.04278 0.04337 0.04396 0.04455 0.04514 0.04573 0.04632 0.04690 0.04748 0.04806 0.04864 0.04921 0.04978 0.05034 0.05089 0.05144 0.05199 0.05252 0.05306 0.05358 0.05411 0.05462 0.05513 0.05562 0.05611 0.05660 0.05709 0.05757 0.05805 0.05853 0.05901 0.05948 0.05994 
0.06860 0.04928 0.04332 0.04080 0.03964 0.03916 0.03906 0.03921 0.03950 0.03989 0.04035 0.04087 0.04142 0.04201 0.04262 0.04326 0.04392 0.04460 0.04529 0.04599 0.04669 0.04740 0.04811 0.04882 0.04952 0.05021 0.05088 0.05155 0.05220 0.05285 0.05349 0.05412 0.05473 0.05532 0.05591 0.05648 0.05704 0.05758 0.05812 0.05864 0.05916 0.05968 0.06019 0.06069 0.06118 0.06168 0.06216 0.06264 0.06312 0.06358 
AG_NEWS               500          5       6000           5           10  0.1    -1
0.06502 0.04723 0.04187 0.03960 0.03854 0.03806 0.03792 0.03797 0.03814 0.03840 0.03871 0.03907 0.03946 0.03988 0.04032 0.04078 0.04124 0.04172 0.04219 0.04267 0.04315 0.04364 0.04412 0.04461 0.04509 0.04557 0.04604 0.04651 0.04697 0.04743 0.04789 0.04835 0.04882 0.04928 0.04974 0.05021 0.05067 0.05113 0.05160 0.05205 0.05251 0.05296 0.05341 0.05386 0.05430 0.05474 0.05517 0.05560 0.05602 0.05644 
0.06444 0.04726 0.04211 0.03985 0.03872 0.03815 0.03790 0.03785 0.03794 0.03814 0.03840 0.03873 0.03910 0.03950 0.03992 0.04036 0.04082 0.04128 0.04175 0.04223 0.04272 0.04321 0.04371 0.04420 0.04470 0.04520 0.04569 0.04618 0.04667 0.04715 0.04764 0.04813 0.04861 0.04909 0.04957 0.05005 0.05052 0.05098 0.05144 0.05190 0.05235 0.05279 0.05322 0.05365 0.05407 0.05449 0.05491 0.05532 0.05573 0.05613 
0.06651 0.04815 0.04263 0.04034 0.03928 0.03883 0.03871 0.03879 0.03901 0.03932 0.03968 0.04007 0.04050 0.04095 0.04142 0.04191 0.04241 0.04290 0.04339 0.04388 0.04437 0.04486 0.04535 0.04583 0.04631 0.04678 0.04725 0.04772 0.04819 0.04865 0.04911 0.04957 0.05002 0.05047 0.05091 0.05135 0.05178 0.05222 0.05265 0.05308 0.05351 0.05393 0.05436 0.05478 0.05520 0.05562 0.05603 0.05644 0.05684 0.05724 
AG_NEWS               500          6       6000           5           10  0.1    -1
0.06641 0.04784 0.04198 0.03932 0.03794 0.03718 0.03678 0.03659 0.03655 0.03662 0.03676 0.03695 0.03718 0.03744 0.03774 0.03805 0.03839 0.03874 0.03910 0.03947 0.03985 0.04023 0.04062 0.04102 0.04141 0.04182 0.04222 0.04263 0.04305 0.04347 0.04388 0.04430 0.04472 0.04515 0.04557 0.04600 0.04642 0.04685 0.04727 0.04770 0.04811 0.04853 0.04894 0.04935 0.04976 0.05016 0.05056 0.05095 0.05134 0.05172 
0.06463 0.04708 0.04190 0.03967 0.03853 0.03793 0.03761 0.03747 0.03746 0.03755 0.03770 0.03792 0.03819 0.03849 0.03883 0.03919 0.03958 0.03999 0.04041 0.04084 0.04129 0.04174 0.04221 0.04267 0.04314 0.04361 0.04408 0.04456 0.04503 0.04551 0.04597 0.04644 0.04690 0.04736 0.04781 0.04826 0.04871 0.04914 0.04958 0.05000 0.05042 0.05084 0.05125 0.05166 0.05206 0.05245 0.05284 0.05323 0.05362 0.05401 
0.06440 0.04686 0.04149 0.03910 0.03786 0.03719 0.03685 0.03671 0.03671 0.03681 0.03699 0.03722 0.03750 0.03781 0.03815 0.03851 0.03889 0.03928 0.03969 0.04011 0.04053 0.04096 0.04139 0.04182 0.04226 0.04269 0.04311 0.04354 0.04397 0.04439 0.04481 0.04524 0.04566 0.04609 0.04651 0.04693 0.04734 0.04775 0.04816 0.04857 0.04897 0.04938 0.04978 0.05018 0.05058 0.05098 0.05137 0.05176 0.05215 0.05254 
AG_NEWS               500          7       6000           5           10  0.1    -1
0.06404 0.04655 0.04123 0.03885 0.03758 0.03684 0.03640 0.03616 0.03604 0.03602 0.03606 0.03617 0.03631 0.03650 0.03671 0.03694 0.03719 0.03746 0.03775 0.03805 0.03837 0.03870 0.03903 0.03937 0.03972 0.04007 0.04042 0.04078 0.04114 0.04150 0.04185 0.04221 0.04256 0.04291 0.04327 0.04362 0.04398 0.04434 0.04470 0.04506 0.04542 0.04579 0.04615 0.04651 0.04686 0.04721 0.04756 0.04791 0.04826 0.04860 
0.06947 0.04982 0.04376 0.04100 0.03952 0.03867 0.03817 0.03789 0.03775 0.03771 0.03775 0.03785 0.03799 0.03817 0.03837 0.03860 0.03884 0.03910 0.03937 0.03966 0.03996 0.04027 0.04058 0.04091 0.04123 0.04156 0.04189 0.04222 0.04255 0.04287 0.04319 0.04351 0.04382 0.04414 0.04446 0.04477 0.04509 0.04541 0.04572 0.04603 0.04634 0.04665 0.04695 0.04726 0.04756 0.04786 0.04816 0.04846 0.04876 0.04907 
0.06376 0.04655 0.04129 0.03890 0.03762 0.03686 0.03640 0.03613 0.03600 0.03597 0.03602 0.03614 0.03632 0.03654 0.03679 0.03706 0.03735 0.03766 0.03798 0.03832 0.03867 0.03902 0.03938 0.03974 0.04010 0.04046 0.04083 0.04119 0.04156 0.04194 0.04231 0.04269 0.04307 0.04345 0.04383 0.04422 0.04460 0.04498 0.04536 0.04574 0.04612 0.04649 0.04687 0.04725 0.04763 0.04802 0.04840 0.04878 0.04916 0.04953 
