TASK          G_EPOCH_NUM CLIENT_NUM L_DATA_NUM L_EPOCH_NUM L_BATCH_SIZE L_LR SIGMA
AG_NEWS               500          3       6000           5           10  0.1    -1
0.76803 0.83145 0.85263 0.86566 0.87303 0.87671 0.87947 0.88132 0.88053 0.88105 0.88184 0.88171 0.88118 0.88145 0.88145 0.88066 0.87987 0.87895 0.87816 0.87789 0.87711 0.87750 0.87711 0.87697 0.87592 0.87474 0.87434 0.87421 0.87276 0.87250 0.87263 0.87224 0.87184 0.87158 0.87079 0.87092 0.87053 0.87000 0.87039 0.87013 0.87039 0.87079 0.87092 0.87118 0.87132 0.87145 0.87132 0.87105 0.87079 0.87053 
0.78000 0.84118 0.86039 0.87211 0.87539 0.87921 0.88105 0.88184 0.88118 0.88039 0.88079 0.88118 0.88118 0.88171 0.88118 0.88066 0.87987 0.88079 0.88026 0.88039 0.87987 0.87974 0.87961 0.87987 0.88000 0.87961 0.87947 0.87908 0.87829 0.87855 0.87855 0.87816 0.87724 0.87737 0.87724 0.87697 0.87671 0.87684 0.87776 0.87763 0.87750 0.87750 0.87750 0.87776 0.87776 0.87776 0.87789 0.87737 0.87737 0.87684 
0.77921 0.83697 0.85566 0.86816 0.87289 0.87592 0.87724 0.87987 0.88079 0.88105 0.88092 0.87961 0.88000 0.88066 0.88066 0.88066 0.87882 0.87882 0.87934 0.87882 0.87803 0.87737 0.87592 0.87474 0.87447 0.87382 0.87355 0.87329 0.87316 0.87329 0.87250 0.87197 0.87132 0.87145 0.87092 0.87079 0.87026 0.86987 0.87013 0.86987 0.86974 0.86987 0.86921 0.86855 0.86895 0.86908 0.86908 0.86961 0.86934 0.86921 
AG_NEWS               500          4       6000           5           10  0.1    -1
0.77158 0.83618 0.85776 0.86711 0.87421 0.87553 0.87908 0.88184 0.88461 0.88434 0.88526 0.88395 0.88382 0.88434 0.88487 0.88566 0.88684 0.88724 0.88711 0.88711 0.88605 0.88553 0.88500 0.88447 0.88355 0.88342 0.88303 0.88263 0.88145 0.88105 0.88079 0.88105 0.88092 0.88053 0.88013 0.88000 0.88000 0.87961 0.87855 0.87842 0.87842 0.87803 0.87763 0.87711 0.87750 0.87750 0.87789 0.87803 0.87737 0.87711 
0.78237 0.83961 0.85908 0.86868 0.87553 0.87816 0.88145 0.88342 0.88474 0.88421 0.88566 0.88526 0.88553 0.88579 0.88566 0.88500 0.88553 0.88553 0.88592 0.88539 0.88500 0.88566 0.88579 0.88566 0.88526 0.88500 0.88487 0.88513 0.88487 0.88461 0.88461 0.88474 0.88474 0.88382 0.88382 0.88408 0.88382 0.88355 0.88263 0.88211 0.88211 0.88171 0.88171 0.88158 0.88079 0.88066 0.88079 0.88026 0.87974 0.87987 
0.76355 0.83579 0.85750 0.86711 0.87237 0.87579 0.87947 0.88132 0.88224 0.88197 0.88224 0.88224 0.88368 0.88368 0.88316 0.88329 0.88368 0.88263 0.88224 0.88145 0.88026 0.88053 0.88013 0.88000 0.87974 0.87921 0.87816 0.87789 0.87750 0.87816 0.87842 0.87789 0.87829 0.87803 0.87816 0.87803 0.87724 0.87737 0.87750 0.87684 0.87671 0.87645 0.87592 0.87566 0.87539 0.87553 0.87579 0.87632 0.87618 0.87579 
AG_NEWS               500          5       6000           5           10  0.1    -1
0.77855 0.83921 0.86066 0.87079 0.87711 0.88132 0.88395 0.88487 0.88500 0.88539 0.88605 0.88671 0.88737 0.88882 0.88961 0.89039 0.89079 0.89079 0.89013 0.89066 0.89066 0.89079 0.89066 0.89118 0.89105 0.89066 0.89000 0.88974 0.89000 0.89013 0.89000 0.89053 0.88947 0.88987 0.89013 0.88947 0.88934 0.88947 0.88947 0.88921 0.88855 0.88803 0.88789 0.88803 0.88750 0.88684 0.88711 0.88671 0.88618 0.88579 
0.78513 0.84237 0.86197 0.86947 0.87382 0.87855 0.88118 0.88461 0.88618 0.88750 0.88803 0.88934 0.89013 0.89092 0.89132 0.89132 0.89184 0.89224 0.89211 0.89184 0.89118 0.89053 0.89013 0.89026 0.88921 0.88908 0.88895 0.88842 0.88855 0.88803 0.88816 0.88789 0.88711 0.88632 0.88566 0.88553 0.88566 0.88526 0.88474 0.88447 0.88368 0.88355 0.88342 0.88368 0.88289 0.88263 0.88276 0.88289 0.88316 0.88342 
0.77776 0.84039 0.85592 0.86526 0.87013 0.87368 0.87803 0.88013 0.88158 0.88303 0.88447 0.88539 0.88513 0.88592 0.88671 0.88776 0.88789 0.88816 0.88855 0.88842 0.88855 0.88763 0.88737 0.88711 0.88645 0.88592 0.88513 0.88474 0.88461 0.88487 0.88434 0.88474 0.88447 0.88474 0.88368 0.88342 0.88316 0.88316 0.88316 0.88368 0.88316 0.88316 0.88289 0.88329 0.88329 0.88303 0.88303 0.88289 0.88237 0.88211 
AG_NEWS               500          6       6000           5           10  0.1    -1
0.77197 0.83526 0.85855 0.87066 0.87987 0.88408 0.88697 0.88855 0.88934 0.89158 0.89224 0.89250 0.89355 0.89368 0.89368 0.89434 0.89434 0.89382 0.89461 0.89408 0.89434 0.89421 0.89434 0.89434 0.89421 0.89382 0.89447 0.89487 0.89513 0.89487 0.89447 0.89408 0.89382 0.89342 0.89342 0.89329 0.89303 0.89355 0.89355 0.89329 0.89355 0.89395 0.89395 0.89316 0.89289 0.89342 0.89355 0.89316 0.89342 0.89342 
0.77855 0.83829 0.85842 0.86908 0.87632 0.88053 0.88329 0.88526 0.88803 0.88974 0.89013 0.89079 0.89013 0.89053 0.89053 0.89079 0.89118 0.89079 0.89092 0.89066 0.89013 0.88961 0.88974 0.89039 0.89039 0.89026 0.89066 0.89053 0.89105 0.89053 0.89079 0.89039 0.89039 0.88961 0.88947 0.88908 0.88855 0.88868 0.88776 0.88829 0.88868 0.88816 0.88842 0.88789 0.88737 0.88789 0.88763 0.88829 0.88816 0.88803 
0.78408 0.84263 0.86408 0.87289 0.87868 0.88434 0.88868 0.88947 0.89118 0.89303 0.89434 0.89434 0.89474 0.89382 0.89316 0.89342 0.89303 0.89289 0.89329 0.89329 0.89368 0.89355 0.89303 0.89368 0.89382 0.89408 0.89355 0.89237 0.89211 0.89184 0.89184 0.89118 0.89197 0.89132 0.89079 0.89079 0.89026 0.88987 0.89000 0.88974 0.88908 0.88908 0.88868 0.88934 0.88921 0.88882 0.88921 0.88934 0.88921 0.88868 
AG_NEWS               500          7       6000           5           10  0.1    -1
0.78526 0.84079 0.86105 0.87237 0.87842 0.88263 0.88461 0.88500 0.88763 0.88855 0.89013 0.89092 0.89118 0.89132 0.89118 0.89250 0.89250 0.89289 0.89303 0.89368 0.89329 0.89342 0.89289 0.89382 0.89289 0.89171 0.89145 0.89145 0.89105 0.89105 0.89053 0.89053 0.89079 0.89092 0.89066 0.89039 0.89039 0.89066 0.89039 0.89053 0.89039 0.89000 0.89026 0.89026 0.89026 0.88961 0.88974 0.88961 0.88934 0.89000 
0.76803 0.83355 0.85289 0.86316 0.87092 0.87671 0.88184 0.88303 0.88618 0.88724 0.88908 0.88934 0.88987 0.89053 0.89066 0.89132 0.89171 0.89211 0.89263 0.89303 0.89382 0.89329 0.89276 0.89316 0.89303 0.89355 0.89342 0.89355 0.89316 0.89342 0.89276 0.89303 0.89316 0.89276 0.89237 0.89263 0.89303 0.89263 0.89355 0.89303 0.89263 0.89250 0.89224 0.89211 0.89211 0.89197 0.89211 0.89211 0.89197 0.89224 
0.78303 0.84039 0.85684 0.87079 0.87763 0.88211 0.88671 0.88908 0.89105 0.89303 0.89408 0.89474 0.89474 0.89526 0.89618 0.89711 0.89618 0.89645 0.89697 0.89750 0.89750 0.89724 0.89737 0.89711 0.89724 0.89776 0.89789 0.89789 0.89711 0.89671 0.89632 0.89579 0.89500 0.89500 0.89526 0.89526 0.89500 0.89461 0.89447 0.89434 0.89421 0.89382 0.89408 0.89434 0.89447 0.89434 0.89355 0.89303 0.89276 0.89184 
