TASK          G_EPOCH_NUM CLIENT_NUM L_DATA_NUM L_EPOCH_NUM L_BATCH_SIZE L_LR SIGMA
FashionMNIST          500          3       6000           5           10 0.005    -1
0.03874 0.03653 0.03849 0.04332 0.05236 0.06110 0.07127 0.08054 0.08714 0.09398 0.09857 0.10224 0.10684 0.10920 0.11190 0.11633 0.11839 0.12074 0.12449 0.12487 0.12574 0.12509 0.12908 0.12997 0.12782 0.12911 0.13364 0.13621 0.13846 0.14021 0.14185 0.14350 0.14487 0.14620 0.14749 0.14861 0.14985 0.15094 0.15195 0.15298 0.15398 0.15488 0.15574 0.15659 0.15747 0.15827 0.15905 0.15987 0.16057 0.16128 
0.06063 0.05755 0.05906 0.06379 0.07180 0.07930 0.08761 0.09579 0.10225 0.10708 0.11177 0.11507 0.11887 0.12126 0.12415 0.12526 0.12699 0.12989 0.13250 0.13492 0.13197 0.13570 0.13608 0.13918 0.14103 0.14277 0.14443 0.14578 0.14668 0.14820 0.14917 0.15020 0.15117 0.15221 0.15313 0.15379 0.15470 0.15522 0.15625 0.15703 0.15778 0.15847 0.15901 0.13998 0.14421 0.14678 0.14872 0.14993 0.15139 0.15247 
0.03901 0.03767 0.03994 0.04496 0.05423 0.06444 0.07442 0.08377 0.09115 0.09694 0.10209 0.10524 0.10992 0.11127 0.11454 0.11820 0.12156 0.11896 0.12434 0.12771 0.13032 0.12856 0.12756 0.13032 0.13307 0.13526 0.13720 0.13891 0.14051 0.14192 0.14324 0.14074 0.14342 0.14505 0.14636 0.14753 0.14862 0.14968 0.15067 0.15159 0.15245 0.15333 0.15410 0.15487 0.15566 0.15638 0.15709 0.15779 0.15844 0.15909 
FashionMNIST          500          4       6000           5           10 0.005    -1
0.03823 0.03379 0.03327 0.03614 0.04024 0.04717 0.05417 0.06051 0.06853 0.07388 0.07927 0.08439 0.08828 0.09185 0.09449 0.09699 0.09931 0.10228 0.10358 0.10625 0.10771 0.11018 0.11159 0.11275 0.11564 0.11542 0.11508 0.11713 0.11887 0.12067 0.12253 0.12248 0.12448 0.12632 0.12668 0.12845 0.12985 0.13092 0.13217 0.13318 0.13414 0.13516 0.13614 0.13702 0.13791 0.13871 0.13949 0.14027 0.14098 0.14173 
0.03886 0.03514 0.03516 0.03860 0.04365 0.04956 0.05761 0.06490 0.07176 0.07626 0.08112 0.08484 0.08922 0.09169 0.09423 0.09663 0.09898 0.10070 0.10264 0.10401 0.10607 0.10926 0.11159 0.10925 0.11177 0.11325 0.11352 0.11495 0.11737 0.11882 0.11972 0.11683 0.12001 0.12230 0.12381 0.12115 0.12390 0.12140 0.12409 0.12596 0.12756 0.12896 0.12866 0.13018 0.13135 0.13251 0.13357 0.13450 0.13544 0.13636 
0.06280 0.03583 0.03477 0.03588 0.04000 0.04552 0.05032 0.05738 0.06393 0.06992 0.07621 0.08059 0.08533 0.08838 0.09099 0.09392 0.09810 0.09937 0.10201 0.10301 0.10545 0.10657 0.10808 0.10862 0.11108 0.11154 0.11338 0.11388 0.11586 0.11639 0.11629 0.11884 0.11917 0.12210 0.12265 0.12257 0.12494 0.12670 0.12809 0.12221 0.12634 0.12349 0.12640 0.12823 0.12984 0.13099 0.13210 0.12797 0.12821 0.13084 
FashionMNIST          500          5       6000           5           10 0.005    -1
0.08128 0.03367 0.03320 0.03297 0.03540 0.03936 0.04457 0.04999 0.05515 0.06147 0.06643 0.07182 0.07539 0.07933 0.08281 0.08587 0.08931 0.09170 0.09351 0.09587 0.09811 0.10095 0.10320 0.10443 0.10645 0.10782 0.11037 0.11137 0.11422 0.11487 0.11668 0.11799 0.11841 0.11956 0.12130 0.12296 0.12441 0.12556 0.12505 0.12607 0.12840 0.12781 0.12867 0.12713 0.12984 0.13134 0.13103 0.13376 0.13464 0.13614 
0.03781 0.03297 0.03246 0.03374 0.03606 0.04100 0.04499 0.05145 0.05654 0.06239 0.06685 0.07168 0.07606 0.07948 0.08247 0.08628 0.08825 0.09156 0.09397 0.09499 0.09770 0.09947 0.10200 0.10297 0.10437 0.10550 0.10754 0.10735 0.10973 0.11177 0.11043 0.11309 0.11521 0.11481 0.11665 0.11838 0.11940 0.11671 0.11802 0.11970 0.12139 0.11998 0.12200 0.12362 0.12443 0.12612 0.12624 0.12785 0.12846 0.12957 
0.05919 0.03502 0.03314 0.03330 0.03536 0.03899 0.04329 0.04920 0.05491 0.06005 0.06584 0.07010 0.07467 0.07909 0.08184 0.08508 0.08866 0.09107 0.09353 0.09569 0.09802 0.10095 0.10201 0.10430 0.10493 0.10595 0.10820 0.11023 0.11085 0.11195 0.11381 0.11539 0.11618 0.11524 0.11705 0.11913 0.11976 0.12176 0.12132 0.12413 0.12274 0.12418 0.12641 0.12602 0.12806 0.12727 0.12468 0.12551 0.12829 0.12876 
FashionMNIST          500          6       6000           5           10 0.005    -1
0.05952 0.03246 0.03117 0.03204 0.03432 0.03705 0.04121 0.04518 0.04884 0.05325 0.05777 0.06101 0.06528 0.06839 0.07112 0.07375 0.07658 0.07860 0.08178 0.08368 0.08620 0.08862 0.09057 0.09163 0.09353 0.09461 0.09732 0.09869 0.09959 0.10060 0.10211 0.10348 0.10477 0.10596 0.10797 0.10846 0.10909 0.11065 0.11048 0.11310 0.11156 0.11206 0.11488 0.11460 0.11579 0.11618 0.11689 0.11722 0.11546 0.11939 
0.10407 0.09935 0.05508 0.05428 0.05556 0.05757 0.05990 0.06359 0.06666 0.06985 0.07428 0.07750 0.08170 0.08544 0.08871 0.09106 0.09482 0.09674 0.09947 0.10156 0.10360 0.10566 0.10752 0.10947 0.11081 0.11219 0.11438 0.11529 0.11738 0.11940 0.12000 0.12138 0.12134 0.12399 0.12469 0.12654 0.12604 0.12757 0.12729 0.12815 0.13054 0.13146 0.13286 0.13202 0.13238 0.13385 0.13591 0.13650 0.13659 0.13775 
0.03878 0.03377 0.03250 0.03342 0.03549 0.03944 0.04318 0.04793 0.05305 0.05773 0.06245 0.06680 0.07046 0.07450 0.07686 0.07972 0.08235 0.08456 0.08745 0.08960 0.09179 0.09301 0.09552 0.09745 0.09862 0.10123 0.10167 0.10386 0.10466 0.10642 0.10767 0.10862 0.10941 0.11083 0.11127 0.11290 0.11453 0.11479 0.11484 0.11661 0.11759 0.11855 0.11882 0.11880 0.12037 0.12141 0.12027 0.12214 0.12362 0.12535 
FashionMNIST          500          7       6000           5           10 0.005    -1
0.06251 0.05669 0.05485 0.05434 0.05475 0.05636 0.05864 0.06163 0.06519 0.06849 0.07236 0.07633 0.08055 0.08365 0.08716 0.09062 0.09386 0.09653 0.09992 0.10217 0.10413 0.10661 0.10888 0.11086 0.11281 0.11555 0.11730 0.11841 0.12058 0.12166 0.12327 0.12498 0.12669 0.12735 0.12930 0.13061 0.13210 0.13265 0.13368 0.13437 0.13516 0.13709 0.13791 0.13897 0.13963 0.14051 0.14045 0.14216 0.14428 0.14214 
0.03954 0.03409 0.03239 0.03193 0.03201 0.03356 0.03551 0.03783 0.04089 0.04431 0.04737 0.05114 0.05503 0.05799 0.06151 0.06444 0.06742 0.07063 0.07319 0.07539 0.07787 0.08014 0.08255 0.08443 0.08677 0.08877 0.09046 0.09290 0.09458 0.09568 0.09724 0.09955 0.10064 0.10239 0.10397 0.10471 0.10671 0.10736 0.10949 0.11024 0.11181 0.11368 0.11420 0.11614 0.11548 0.11687 0.11913 0.11960 0.11992 0.12074 
0.06111 0.05663 0.05477 0.05433 0.03248 0.03313 0.03488 0.03694 0.04009 0.04237 0.04572 0.04895 0.05282 0.05612 0.05957 0.06281 0.06546 0.06872 0.07143 0.07344 0.07568 0.07794 0.07993 0.08192 0.08419 0.08599 0.08757 0.08955 0.09122 0.09306 0.09437 0.09505 0.09691 0.09887 0.10002 0.10064 0.10259 0.10426 0.10512 0.10617 0.10761 0.10831 0.10962 0.10980 0.11097 0.11308 0.11271 0.11353 0.11333 0.11499 
