TASK          G_EPOCH_NUM CLIENT_NUM L_DATA_NUM L_EPOCH_NUM L_BATCH_SIZE L_LR SIGMA
SpeechCommand          500          3       6000           5           10 0.01    -1
0.09676 0.08970 0.08574 0.08569 0.08461 0.08528 0.08394 0.08145 0.08029 0.08074 0.08212 0.08162 0.08082 0.08159 0.07903 0.07960 0.08125 0.08082 0.08183 0.08466 0.07850 0.08056 0.08247 0.08072 0.08004 0.08030 0.07633 0.08045 0.07826 0.07941 0.07930 0.07844 0.07888 0.07881 0.07977 0.07873 0.07960 0.07850 0.07772 0.08135 0.07872 0.07847 0.07799 0.07802 0.07754 0.07763 0.07765 0.07673 0.07715 0.07660 
0.09781 0.08552 0.08421 0.08353 0.08370 0.08222 0.08098 0.08148 0.08127 0.08244 0.08220 0.08006 0.07880 0.08094 0.07844 0.07895 0.07835 0.08032 0.07917 0.07850 0.07804 0.07940 0.08021 0.08067 0.07964 0.07759 0.07800 0.07791 0.07769 0.07893 0.08002 0.07820 0.07759 0.08002 0.07783 0.07880 0.07690 0.07774 0.07781 0.07864 0.07509 0.07872 0.07813 0.08014 0.07727 0.07952 0.07981 0.07916 0.07988 0.07904 
0.10426 0.08884 0.08664 0.08706 0.08451 0.08323 0.08259 0.08591 0.08262 0.08595 0.08459 0.08479 0.08397 0.08570 0.08448 0.08222 0.08219 0.08288 0.08380 0.08332 0.08334 0.08464 0.08056 0.08594 0.08441 0.08114 0.08110 0.08233 0.08309 0.08213 0.08211 0.08349 0.08491 0.08272 0.08215 0.08150 0.08198 0.08390 0.08309 0.08556 0.08106 0.08150 0.08435 0.08293 0.08309 0.08329 0.08451 0.08112 0.08156 0.08286 
SpeechCommand          500          4       6000           5           10 0.01    -1
0.09268 0.08001 0.08101 0.07700 0.07807 0.07657 0.07717 0.07630 0.07274 0.07658 0.07390 0.07467 0.07533 0.07373 0.07610 0.07509 0.07333 0.07461 0.07283 0.07113 0.07511 0.07372 0.07556 0.07222 0.07240 0.07498 0.07215 0.07498 0.07282 0.07137 0.07267 0.07342 0.07480 0.07514 0.07420 0.07299 0.07411 0.07302 0.07397 0.07342 0.07611 0.07225 0.07494 0.07250 0.07283 0.07228 0.07292 0.07238 0.07353 0.07346 
0.09228 0.08309 0.08189 0.08023 0.07801 0.07726 0.07639 0.07774 0.07676 0.07936 0.07716 0.07596 0.07701 0.07652 0.07655 0.07753 0.07537 0.07889 0.07541 0.07722 0.07524 0.07372 0.07437 0.07348 0.07616 0.07524 0.07389 0.07461 0.07690 0.07294 0.07526 0.07253 0.07334 0.07273 0.07337 0.07415 0.07158 0.07507 0.07438 0.07345 0.07111 0.07162 0.07003 0.07179 0.07087 0.07361 0.07228 0.07041 0.07399 0.07087 
0.09432 0.08741 0.08240 0.08145 0.08075 0.07796 0.07875 0.07976 0.07741 0.07843 0.07810 0.07671 0.07886 0.07700 0.07735 0.07699 0.07723 0.07754 0.07959 0.07641 0.07990 0.07627 0.07445 0.07609 0.07451 0.07552 0.07605 0.07619 0.07552 0.07601 0.07549 0.07351 0.07421 0.07449 0.07468 0.07420 0.07350 0.07255 0.07162 0.07484 0.07612 0.07280 0.07297 0.07312 0.07158 0.07406 0.07245 0.07619 0.07545 0.07185 
SpeechCommand          500          5       6000           5           10 0.01    -1
0.09119 0.07897 0.07828 0.07499 0.07376 0.07513 0.07459 0.07159 0.07115 0.07142 0.07211 0.07344 0.07195 0.07130 0.07026 0.07149 0.07202 0.07220 0.07279 0.07251 0.07392 0.07393 0.07278 0.07094 0.07021 0.07149 0.07369 0.07146 0.07114 0.07158 0.07030 0.07338 0.07093 0.07124 0.07053 0.07085 0.07138 0.07387 0.06939 0.07179 0.07040 0.07208 0.06909 0.07229 0.07057 0.07077 0.06988 0.06837 0.07209 0.07111 
0.08357 0.07615 0.07539 0.07372 0.07331 0.07003 0.07132 0.07166 0.07017 0.06912 0.06827 0.06898 0.06723 0.06847 0.06861 0.06642 0.06764 0.06900 0.06832 0.06778 0.06786 0.06705 0.06901 0.06941 0.06817 0.06746 0.06786 0.07017 0.06872 0.06853 0.06816 0.06797 0.07004 0.06706 0.06745 0.06887 0.06820 0.06681 0.06742 0.06845 0.06624 0.06818 0.06641 0.06566 0.06586 0.06896 0.06810 0.06609 0.06687 0.06840 
0.08893 0.08008 0.07620 0.07430 0.07635 0.07322 0.07465 0.07100 0.07191 0.07133 0.07220 0.07157 0.07237 0.07226 0.07238 0.07217 0.07008 0.07185 0.07232 0.07397 0.07129 0.07220 0.07276 0.07309 0.07091 0.07181 0.07147 0.07128 0.07216 0.07309 0.07268 0.06893 0.07005 0.07037 0.07300 0.07167 0.07010 0.07045 0.06930 0.07164 0.07011 0.07095 0.07089 0.07045 0.07038 0.07018 0.07386 0.07144 0.07270 0.06937 
SpeechCommand          500          6       6000           5           10 0.01    -1
0.08821 0.07915 0.07568 0.07582 0.07500 0.07412 0.07332 0.07306 0.07393 0.07457 0.07372 0.07485 0.07321 0.07522 0.07309 0.07348 0.07263 0.07258 0.07346 0.07238 0.07233 0.07272 0.07357 0.07358 0.07206 0.07244 0.07269 0.07341 0.07660 0.07097 0.07061 0.06978 0.07144 0.07219 0.07041 0.07056 0.06993 0.07063 0.07179 0.07204 0.06791 0.07341 0.06958 0.06891 0.06958 0.06987 0.07022 0.07029 0.06760 0.07008 
0.08910 0.07842 0.07832 0.07835 0.07522 0.07484 0.07210 0.07701 0.07160 0.07334 0.07283 0.07243 0.07276 0.07153 0.07267 0.07253 0.07063 0.07064 0.07135 0.07069 0.07200 0.06999 0.07164 0.06977 0.07110 0.07113 0.06844 0.06770 0.06710 0.06942 0.07291 0.06791 0.07073 0.06933 0.06924 0.07079 0.06946 0.06869 0.06882 0.06894 0.07093 0.06858 0.06955 0.06882 0.06819 0.06975 0.07003 0.06894 0.06866 0.06973 
0.08571 0.08121 0.07899 0.07733 0.07752 0.07368 0.07232 0.07362 0.07370 0.07247 0.07461 0.07180 0.07151 0.07394 0.07005 0.06981 0.07104 0.07057 0.07046 0.07149 0.07260 0.07176 0.07014 0.07119 0.07323 0.06852 0.06932 0.07075 0.07045 0.07008 0.07161 0.07141 0.07006 0.06975 0.06931 0.07037 0.07001 0.07041 0.07106 0.06760 0.07049 0.06895 0.06856 0.06837 0.07002 0.07000 0.06986 0.06778 0.06965 0.06885 
SpeechCommand          500          7       6000           5           10 0.01    -1
0.08564 0.07753 0.07576 0.07363 0.07221 0.07095 0.07251 0.07160 0.07027 0.07055 0.07193 0.07097 0.07018 0.06860 0.06938 0.06960 0.06967 0.06767 0.06992 0.06945 0.07027 0.06702 0.06983 0.06806 0.06899 0.06844 0.06667 0.06863 0.06888 0.06963 0.06820 0.06891 0.06853 0.07007 0.06809 0.06861 0.07011 0.06833 0.06861 0.06835 0.06875 0.06769 0.06806 0.06818 0.06705 0.06975 0.06913 0.06923 0.06846 0.06702 
0.08741 0.07960 0.07606 0.07441 0.07520 0.07388 0.07527 0.07557 0.07304 0.07453 0.07411 0.07224 0.07360 0.07322 0.07275 0.07276 0.07158 0.07097 0.07048 0.07253 0.07029 0.07080 0.07117 0.07064 0.07070 0.06979 0.07105 0.06980 0.06741 0.06946 0.07051 0.06921 0.06973 0.06903 0.06970 0.07065 0.06951 0.06981 0.07002 0.06791 0.06809 0.06681 0.07121 0.06874 0.06799 0.06801 0.06706 0.06866 0.06834 0.06995 
0.08856 0.07975 0.07774 0.07669 0.07634 0.07557 0.07433 0.07390 0.07359 0.07231 0.07318 0.07234 0.07290 0.07282 0.07278 0.07219 0.07264 0.07161 0.07106 0.07225 0.07430 0.07192 0.07256 0.07167 0.07019 0.07106 0.07046 0.07137 0.07247 0.06981 0.07113 0.06887 0.07026 0.07058 0.07114 0.07139 0.07028 0.07120 0.07053 0.07037 0.07031 0.07027 0.07093 0.07083 0.07128 0.07057 0.07046 0.07057 0.07127 0.06981 
