TASK          G_EPOCH_NUM CLIENT_NUM L_DATA_NUM L_EPOCH_NUM L_BATCH_SIZE L_LR SIGMA
SpeechCommand          500          3       6000           5           10 0.01    -1
0.71322 0.74003 0.75093 0.75311 0.75320 0.75039 0.75875 0.76765 0.77074 0.76756 0.76493 0.76629 0.76947 0.76720 0.77347 0.77274 0.77219 0.77083 0.76701 0.75756 0.77674 0.77029 0.76465 0.77256 0.77247 0.77219 0.78473 0.77174 0.77865 0.77074 0.77401 0.77428 0.77828 0.77901 0.77374 0.77565 0.77365 0.77374 0.77537 0.77020 0.77683 0.77610 0.77565 0.78055 0.78246 0.77992 0.78101 0.78428 0.78283 0.78419 
0.71195 0.75429 0.75584 0.75956 0.75829 0.76274 0.76656 0.76529 0.76620 0.76574 0.76165 0.77065 0.77156 0.76820 0.77347 0.77647 0.77010 0.76692 0.76874 0.77283 0.77547 0.77219 0.77083 0.77010 0.77201 0.77746 0.77592 0.77692 0.77447 0.77456 0.76983 0.77892 0.77746 0.76920 0.78046 0.77619 0.77946 0.77619 0.78092 0.77247 0.78573 0.77610 0.78264 0.76929 0.77892 0.77692 0.76783 0.77147 0.77247 0.77774 
0.69159 0.74366 0.75184 0.74539 0.75566 0.76211 0.76184 0.74648 0.76302 0.74811 0.75547 0.75675 0.75629 0.75375 0.75475 0.76402 0.76274 0.75302 0.75629 0.75929 0.75965 0.75956 0.76792 0.75066 0.75202 0.76265 0.76592 0.76638 0.75975 0.76120 0.76411 0.75929 0.75638 0.76365 0.76383 0.76193 0.76193 0.75975 0.75902 0.75529 0.76920 0.76293 0.75393 0.76565 0.75956 0.75975 0.75520 0.76829 0.76811 0.76129 
SpeechCommand          500          4       6000           5           10 0.01    -1
0.72640 0.76838 0.76556 0.77928 0.77447 0.77974 0.77347 0.77665 0.78791 0.77919 0.78746 0.78210 0.78074 0.78483 0.77937 0.78346 0.78946 0.78900 0.79328 0.79573 0.78210 0.78483 0.77756 0.79282 0.79019 0.78237 0.79555 0.78319 0.79019 0.78755 0.78573 0.78710 0.78519 0.78155 0.78746 0.78882 0.78383 0.78828 0.78573 0.78773 0.78264 0.79064 0.78137 0.79100 0.78837 0.79309 0.79119 0.79282 0.79137 0.78746 
0.73167 0.75375 0.75947 0.76465 0.77247 0.77328 0.77637 0.77710 0.77465 0.76765 0.77701 0.78155 0.77474 0.77610 0.78001 0.77474 0.77801 0.77010 0.78164 0.77474 0.78119 0.78646 0.78310 0.78646 0.77601 0.78528 0.78555 0.78410 0.77674 0.78828 0.78074 0.79537 0.78764 0.79173 0.79200 0.78283 0.79573 0.78328 0.78692 0.78837 0.79718 0.79155 0.79455 0.79191 0.79727 0.78682 0.78964 0.79655 0.78973 0.79546 
0.72812 0.74975 0.75984 0.76602 0.76465 0.77247 0.77129 0.76783 0.77601 0.77301 0.77183 0.77601 0.77010 0.77728 0.77419 0.77238 0.77156 0.77456 0.76583 0.77628 0.76356 0.78074 0.78019 0.77292 0.78246 0.78346 0.77901 0.77810 0.77592 0.78028 0.77937 0.78773 0.78528 0.78237 0.78274 0.78464 0.78746 0.78991 0.79291 0.78801 0.78155 0.79100 0.79128 0.79019 0.79682 0.78910 0.79473 0.77783 0.78264 0.79191 
SpeechCommand          500          5       6000           5           10 0.01    -1
0.73330 0.77374 0.77419 0.78528 0.78646 0.78819 0.78791 0.79918 0.79864 0.79855 0.79364 0.79100 0.79609 0.80027 0.80182 0.79300 0.79727 0.79391 0.79010 0.79273 0.78673 0.78919 0.78973 0.79891 0.80055 0.79500 0.78801 0.79709 0.79627 0.79945 0.80345 0.78900 0.79855 0.79982 0.80036 0.79809 0.79927 0.79300 0.80445 0.79355 0.80018 0.79573 0.80500 0.79591 0.80118 0.79755 0.80018 0.80636 0.79400 0.79918 
0.75030 0.77746 0.78437 0.78982 0.79364 0.80100 0.79537 0.79309 0.79637 0.80209 0.80309 0.80400 0.80745 0.79927 0.80091 0.80791 0.80418 0.80291 0.80218 0.80563 0.80354 0.80518 0.80400 0.79882 0.80327 0.80363 0.80382 0.79800 0.80536 0.80273 0.80500 0.80845 0.79873 0.80709 0.80691 0.80209 0.80463 0.80663 0.80818 0.80282 0.81018 0.80382 0.81072 0.81027 0.81018 0.80373 0.80182 0.80827 0.80600 0.80309 
0.74303 0.77129 0.77819 0.78592 0.78019 0.78891 0.78501 0.79591 0.79673 0.79537 0.79137 0.79555 0.79736 0.79637 0.79146 0.79164 0.80109 0.79655 0.79591 0.78928 0.79418 0.79137 0.79428 0.79764 0.79773 0.79155 0.79200 0.79537 0.79128 0.79109 0.78919 0.80036 0.79791 0.79364 0.78719 0.79291 0.79655 0.79718 0.79882 0.79473 0.80073 0.79300 0.79736 0.79718 0.79582 0.80491 0.79055 0.79864 0.79037 0.80018 
SpeechCommand          500          6       6000           5           10 0.01    -1
0.74212 0.76974 0.78046 0.78174 0.78410 0.78810 0.78701 0.78710 0.78746 0.78001 0.78437 0.78419 0.78719 0.78110 0.78592 0.78346 0.78755 0.79100 0.78882 0.78846 0.79010 0.79091 0.78519 0.78601 0.78728 0.79182 0.79182 0.78519 0.78110 0.79736 0.79418 0.80118 0.79355 0.79000 0.79500 0.79955 0.79936 0.79591 0.79509 0.79164 0.80345 0.78882 0.79864 0.80236 0.79918 0.79873 0.80009 0.79655 0.80373 0.80055 
0.73530 0.77110 0.77274 0.77265 0.78346 0.78455 0.78910 0.77865 0.79082 0.78746 0.78564 0.79028 0.79164 0.79273 0.79028 0.79709 0.79437 0.79500 0.79273 0.79464 0.79028 0.79855 0.79418 0.80018 0.79864 0.79309 0.80373 0.80282 0.80609 0.80018 0.78910 0.80291 0.79773 0.80409 0.80218 0.79764 0.80073 0.80154 0.80736 0.80427 0.79564 0.80709 0.80164 0.80473 0.80327 0.79909 0.80318 0.80482 0.80273 0.80045 
0.75257 0.76692 0.77383 0.78046 0.77865 0.78564 0.79346 0.78410 0.78673 0.79191 0.78601 0.79446 0.79400 0.78410 0.79791 0.79927 0.80018 0.79918 0.80045 0.79537 0.78837 0.79328 0.79909 0.79718 0.78664 0.80391 0.80291 0.79328 0.80009 0.80282 0.79509 0.79391 0.79673 0.80055 0.80173 0.80055 0.80127 0.79882 0.80064 0.80545 0.79800 0.80282 0.80536 0.80327 0.79864 0.80045 0.79909 0.80809 0.80200 0.80182 
SpeechCommand          500          7       6000           5           10 0.01    -1
0.75020 0.77774 0.78083 0.78383 0.79146 0.79464 0.79128 0.78900 0.79300 0.79764 0.79482 0.79400 0.79682 0.80036 0.80000 0.80091 0.79855 0.80300 0.79918 0.80227 0.79755 0.80990 0.80291 0.80881 0.80491 0.80672 0.80981 0.80700 0.80363 0.80191 0.80209 0.80518 0.80636 0.80254 0.80473 0.80400 0.80127 0.80400 0.80418 0.80627 0.80127 0.80500 0.80981 0.81100 0.81236 0.79982 0.79509 0.79991 0.80618 0.81181 
0.74939 0.76883 0.78146 0.78673 0.78492 0.79010 0.78364 0.78328 0.78764 0.78664 0.78492 0.79146 0.78991 0.79309 0.79128 0.79164 0.79664 0.79782 0.80082 0.79409 0.80273 0.80291 0.79591 0.79891 0.80218 0.80536 0.80300 0.80291 0.80609 0.80500 0.80200 0.80518 0.80500 0.80682 0.80036 0.80136 0.80700 0.80327 0.79882 0.80945 0.80845 0.81163 0.79782 0.80473 0.80909 0.80563 0.81036 0.80718 0.80591 0.80463 
0.74094 0.76502 0.77092 0.77674 0.77746 0.78037 0.78701 0.78573 0.78710 0.78937 0.78919 0.79237 0.78519 0.78946 0.78855 0.79409 0.79055 0.79473 0.79546 0.79546 0.78846 0.79600 0.78991 0.79673 0.79836 0.79964 0.79836 0.79591 0.79182 0.80055 0.79700 0.80563 0.80009 0.79964 0.79800 0.79564 0.79973 0.79491 0.79855 0.79836 0.80082 0.79755 0.79664 0.79873 0.79582 0.79973 0.79727 0.79809 0.79727 0.80136 
