TASK          G_EPOCH_NUM CLIENT_NUM L_DATA_NUM L_EPOCH_NUM L_BATCH_SIZE L_LR SIGMA
FashionMNIST          500        100        600           5           10 0.01   0.9
0.09609 0.07313 0.06644 0.06246 0.05889 0.05620 0.05387 0.05193 0.05043 0.04913 0.04782 0.04681 0.04584 0.04506 0.04439 0.04367 0.04301 0.04266 0.04231 0.04201 0.04172 0.04163 0.04155 0.04148 0.04146 0.04154 0.04154 0.04155 0.04156 0.04164 0.04162 0.04179 0.04191 0.04194 0.04208 0.04219 0.04226 0.04253 0.04262 0.04271 0.04295 0.04301 0.04320 0.04321 0.04323 0.04350 0.04346 0.04364 0.04366 0.04380 
TASK          G_EPOCH_NUM CLIENT_NUM L_DATA_NUM L_EPOCH_NUM L_BATCH_SIZE L_LR SIGMA
FashionMNIST          500        100        600           5           10 0.01   0.8
0.07544 0.06404 0.05748 0.05262 0.04975 0.04755 0.04593 0.04448 0.04337 0.04237 0.04155 0.04087 0.04037 0.03994 0.03954 0.03925 0.03903 0.03885 0.03876 0.03864 0.03864 0.03865 0.03854 0.03864 0.03871 0.03886 0.03882 0.03898 0.03913 0.03930 0.03931 0.03958 0.03959 0.03983 0.04007 0.04011 0.04033 0.04044 0.04051 0.04077 0.04086 0.04101 0.04113 0.04130 0.04152 0.04172 0.04186 0.04208 0.04220 0.04243 
TASK          G_EPOCH_NUM CLIENT_NUM L_DATA_NUM L_EPOCH_NUM L_BATCH_SIZE L_LR SIGMA
FashionMNIST          500        100        600           5           10 0.01   0.6
0.06854 0.05537 0.04920 0.04582 0.04357 0.04190 0.04074 0.03983 0.03930 0.03887 0.03849 0.03828 0.03799 0.03800 0.03800 0.03794 0.03809 0.03809 0.03824 0.03852 0.03861 0.03866 0.03894 0.03909 0.03919 0.03941 0.03959 0.03980 0.04001 0.04029 0.04032 0.04041 0.04069 0.04083 0.04115 0.04130 0.04143 0.04164 0.04181 0.04210 0.04228 0.04238 0.04259 0.04272 0.04297 0.04312 0.04337 0.04343 0.04370 0.04396 
TASK          G_EPOCH_NUM CLIENT_NUM L_DATA_NUM L_EPOCH_NUM L_BATCH_SIZE L_LR SIGMA
FashionMNIST          500        100        600           5           10 0.01   0.5
0.08687 0.07501 0.06844 0.06444 0.06198 0.06038 0.05926 0.05842 0.05778 0.05729 0.05687 0.05664 0.05640 0.05627 0.03638 0.03583 0.03568 0.03559 0.03573 0.03591 0.03603 0.03623 0.03642 0.03650 0.03679 0.03696 0.03715 0.03745 0.03772 0.03783 0.03808 0.03838 0.03855 0.03877 0.03895 0.03929 0.03946 0.03966 0.03991 0.04006 0.04031 0.04064 0.04080 0.04087 0.04112 0.04138 0.04151 0.04170 0.04194 0.04215 
TASK          G_EPOCH_NUM CLIENT_NUM L_DATA_NUM L_EPOCH_NUM L_BATCH_SIZE L_LR SIGMA
FashionMNIST          500        100        600           5           10 0.01   0.3
0.08832 0.05747 0.04841 0.04408 0.04155 0.03973 0.03864 0.03792 0.03734 0.03701 0.03678 0.03648 0.03638 0.03632 0.03630 0.03641 0.03640 0.03644 0.03642 0.03650 0.03686 0.03695 0.03708 0.03718 0.03729 0.03741 0.03761 0.03782 0.03792 0.03809 0.03833 0.03829 0.03862 0.03875 0.03881 0.03909 0.03921 0.03931 0.03948 0.03962 0.03983 0.04008 0.04009 0.04026 0.04041 0.04054 0.04076 0.04079 0.04108 0.04113 
