TASK          G_EPOCH_NUM CLIENT_NUM L_DATA_NUM L_EPOCH_NUM L_BATCH_SIZE L_LR SIGMA
FashionMNIST          500        100        600           5           10 0.01   0.9
0.10397 0.08955 0.08370 0.07995 0.07684 0.07445 0.07234 0.07091 0.06950 0.06842 0.06741 0.06642 0.06564 0.06495 0.06424 0.06372 0.06326 0.04880 0.04458 0.04390 0.04347 0.04304 0.04291 0.04275 0.04265 0.04260 0.04251 0.04248 0.04250 0.04254 0.04254 0.04264 0.04270 0.04274 0.04275 0.04283 0.04296 0.04309 0.04312 0.04314 0.04331 0.04344 0.04350 0.04360 0.04358 0.04383 0.04381 0.04395 0.04409 0.04429 
TASK          G_EPOCH_NUM CLIENT_NUM L_DATA_NUM L_EPOCH_NUM L_BATCH_SIZE L_LR SIGMA
FashionMNIST          500        100        600           5           10 0.01   0.8
0.07518 0.06296 0.05623 0.05215 0.04963 0.04767 0.04617 0.04491 0.04377 0.04288 0.04212 0.04156 0.04121 0.04081 0.04058 0.04042 0.04027 0.04009 0.03988 0.03978 0.03975 0.03974 0.03966 0.03966 0.03978 0.03984 0.03996 0.04002 0.04020 0.04026 0.04042 0.04050 0.04069 0.04084 0.04096 0.04114 0.04127 0.04142 0.04166 0.04173 0.04194 0.04210 0.04226 0.04247 0.04249 0.04276 0.04287 0.04310 0.04331 0.04339 
TASK          G_EPOCH_NUM CLIENT_NUM L_DATA_NUM L_EPOCH_NUM L_BATCH_SIZE L_LR SIGMA
FashionMNIST          500        100        600           5           10 0.01   0.6
0.06844 0.05609 0.04979 0.04544 0.04252 0.04070 0.03948 0.03876 0.03838 0.03807 0.03795 0.03779 0.03773 0.03776 0.03770 0.03782 0.03784 0.03799 0.03806 0.03821 0.03840 0.03853 0.03866 0.03883 0.03905 0.03932 0.03957 0.03983 0.03999 0.04029 0.04050 0.04076 0.04090 0.04113 0.04146 0.04157 0.04192 0.04204 0.04235 0.04268 0.04286 0.04302 0.04333 0.04347 0.04377 0.04401 0.04422 0.04438 0.04462 0.04482 
TASK          G_EPOCH_NUM CLIENT_NUM L_DATA_NUM L_EPOCH_NUM L_BATCH_SIZE L_LR SIGMA
FashionMNIST          500        100        600           5           10 0.01   0.5
0.06500 0.05171 0.04653 0.04306 0.04072 0.03914 0.03797 0.03731 0.03666 0.03631 0.03607 0.03605 0.03597 0.03615 0.03623 0.03631 0.03643 0.03666 0.03683 0.03707 0.03719 0.03745 0.03767 0.03778 0.03809 0.03837 0.03852 0.03873 0.03907 0.03925 0.03951 0.03967 0.03986 0.04015 0.04035 0.04053 0.04075 0.04091 0.04109 0.04139 0.04148 0.04159 0.04175 0.04207 0.04237 0.04258 0.04277 0.04298 0.04308 0.04333 
TASK          G_EPOCH_NUM CLIENT_NUM L_DATA_NUM L_EPOCH_NUM L_BATCH_SIZE L_LR SIGMA
FashionMNIST          500        100        600           5           10 0.01   0.3
0.06571 0.05413 0.04794 0.04391 0.04118 0.03932 0.03795 0.03700 0.03628 0.03563 0.03517 0.03484 0.03465 0.03453 0.03436 0.03443 0.03450 0.03453 0.03473 0.03484 0.03500 0.03519 0.03535 0.03564 0.03581 0.03608 0.03632 0.03650 0.03671 0.03688 0.03715 0.03730 0.03753 0.03770 0.03792 0.03813 0.03842 0.03853 0.03872 0.03901 0.03905 0.03934 0.03953 0.03978 0.03994 0.04011 0.04048 0.04060 0.04076 0.04096 
