TASK          G_EPOCH_NUM CLIENT_NUM L_DATA_NUM L_EPOCH_NUM L_BATCH_SIZE L_LR SIGMA
FashionMNIST          500        100        600           5           10 0.01   0.9
0.68290 0.71960 0.74240 0.75620 0.76520 0.77640 0.78610 0.79060 0.79420 0.79750 0.80150 0.80400 0.80710 0.80900 0.81020 0.81170 0.81340 0.83850 0.84650 0.84820 0.85030 0.85330 0.85350 0.85540 0.85640 0.85730 0.85920 0.85970 0.86060 0.86170 0.86250 0.86270 0.86270 0.86370 0.86360 0.86440 0.86590 0.86540 0.86560 0.86730 0.86750 0.86670 0.86680 0.86790 0.86750 0.86770 0.86730 0.86780 0.86850 0.86760 
TASK          G_EPOCH_NUM CLIENT_NUM L_DATA_NUM L_EPOCH_NUM L_BATCH_SIZE L_LR SIGMA
FashionMNIST          500        100        600           5           10 0.01   0.8
0.71790 0.75720 0.78670 0.80620 0.81820 0.82690 0.83380 0.84190 0.84470 0.85030 0.85360 0.85540 0.85740 0.85960 0.86020 0.86170 0.86200 0.86400 0.86540 0.86490 0.86610 0.86670 0.86780 0.86850 0.86900 0.86920 0.86950 0.87120 0.87060 0.87180 0.87250 0.87230 0.87330 0.87330 0.87340 0.87410 0.87430 0.87450 0.87500 0.87570 0.87540 0.87580 0.87700 0.87730 0.87660 0.87660 0.87680 0.87640 0.87680 0.87650 
TASK          G_EPOCH_NUM CLIENT_NUM L_DATA_NUM L_EPOCH_NUM L_BATCH_SIZE L_LR SIGMA
FashionMNIST          500        100        600           5           10 0.01   0.6
0.73860 0.78870 0.81840 0.84030 0.85150 0.85930 0.86420 0.86530 0.86790 0.86920 0.87210 0.87360 0.87450 0.87510 0.87800 0.87860 0.88070 0.88060 0.88050 0.88210 0.88130 0.88200 0.88180 0.88180 0.88240 0.88190 0.88280 0.88200 0.88340 0.88400 0.88470 0.88500 0.88550 0.88510 0.88600 0.88570 0.88570 0.88580 0.88550 0.88480 0.88500 0.88520 0.88590 0.88550 0.88640 0.88610 0.88560 0.88570 0.88480 0.88520 
TASK          G_EPOCH_NUM CLIENT_NUM L_DATA_NUM L_EPOCH_NUM L_BATCH_SIZE L_LR SIGMA
FashionMNIST          500        100        600           5           10 0.01   0.5
0.75170 0.81320 0.83480 0.84900 0.85670 0.86290 0.86610 0.86950 0.87140 0.87320 0.87530 0.87810 0.87960 0.88060 0.88250 0.88380 0.88480 0.88410 0.88490 0.88530 0.88490 0.88600 0.88690 0.88690 0.88870 0.88880 0.88930 0.89040 0.89040 0.89040 0.89040 0.89100 0.89100 0.89100 0.89070 0.89120 0.89290 0.89230 0.89230 0.89280 0.89310 0.89350 0.89460 0.89390 0.89370 0.89350 0.89390 0.89440 0.89400 0.89450 
TASK          G_EPOCH_NUM CLIENT_NUM L_DATA_NUM L_EPOCH_NUM L_BATCH_SIZE L_LR SIGMA
FashionMNIST          500        100        600           5           10 0.01   0.3
0.75140 0.79970 0.82680 0.84070 0.85670 0.86180 0.86810 0.87110 0.87260 0.87580 0.87860 0.88060 0.88230 0.88470 0.88510 0.88630 0.88770 0.88880 0.88770 0.88930 0.89220 0.89240 0.89360 0.89450 0.89430 0.89570 0.89680 0.89620 0.89630 0.89620 0.89710 0.89730 0.89730 0.89660 0.89670 0.89660 0.89740 0.89760 0.89810 0.89850 0.89840 0.89830 0.89850 0.89830 0.89840 0.89840 0.89800 0.89880 