TASK          G_EPOCH_NUM CLIENT_NUM L_DATA_NUM L_EPOCH_NUM L_BATCH_SIZE L_LR SIGMA
FashionMNIST          500        100        600           5           10 0.01   0.9
0.57960 0.63730 0.66850 0.68410 0.69370 0.70410 0.71530 0.72090 0.72720 0.73560 0.74310 0.74780 0.82070 0.82860 0.83240 0.83630 0.84010 0.84210 0.84590 0.84720 0.84900 0.85170 0.85200 0.85310 0.85470 0.85470 0.85540 0.85530 0.85690 0.85800 0.85740 0.85880 0.85940 0.85890 0.85950 0.85990 0.86030 0.86070 0.86100 0.86110 0.86180 0.86100 0.86130 0.86280 0.86370 0.86330 0.86350 0.86510 0.86480 0.86440 
TASK          G_EPOCH_NUM CLIENT_NUM L_DATA_NUM L_EPOCH_NUM L_BATCH_SIZE L_LR SIGMA
FashionMNIST          500        100        600           5           10 0.01   0.8
0.64200 0.68020 0.70550 0.72420 0.73530 0.74170 0.75210 0.75730 0.76200 0.85470 0.85670 0.85920 0.86110 0.86270 0.86550 0.86700 0.87030 0.86960 0.87100 0.87270 0.87240 0.87400 0.87330 0.87560 0.87610 0.87620 0.87640 0.87750 0.87800 0.87840 0.87850 0.87960 0.88010 0.87950 0.87990 0.87950 0.87980 0.87940 0.88070 0.88050 0.88050 0.88120 0.88110 0.88180 0.88120 0.88130 0.88090 0.88120 0.88110 0.88270 
TASK          G_EPOCH_NUM CLIENT_NUM L_DATA_NUM L_EPOCH_NUM L_BATCH_SIZE L_LR SIGMA
FashionMNIST          500        100        600           5           10 0.01   0.6
0.73300 0.78950 0.82170 0.83820 0.84820 0.85330 0.85730 0.85960 0.86660 0.87030 0.87180 0.87500 0.87570 0.87740 0.87730 0.87840 0.87900 0.87990 0.88010 0.88080 0.87980 0.88100 0.88130 0.88140 0.88190 0.88200 0.88240 0.88320 0.88410 0.88410 0.88460 0.88470 0.88460 0.88450 0.88450 0.88450 0.88490 0.88620 0.88520 0.88600 0.88520 0.88580 0.88650 0.88580 0.88650 0.88660 0.88650 0.88680 0.88610 0.88670 
TASK          G_EPOCH_NUM CLIENT_NUM L_DATA_NUM L_EPOCH_NUM L_BATCH_SIZE L_LR SIGMA
FashionMNIST          500        100        600           5           10 0.01   0.5
0.59370 0.70100 0.82190 0.83620 0.84460 0.85000 0.85520 0.86040 0.86430 0.86870 0.87190 0.87310 0.87410 0.87490 0.87760 0.87920 0.88100 0.88270 0.88420 0.88570 0.88560 0.88760 0.88730 0.88650 0.88650 0.88810 0.88820 0.89060 0.88990 0.89110 0.89190 0.89160 0.89200 0.89220 0.89300 0.89300 0.89300 0.89300 0.89330 0.89370 0.89360 0.89410 0.89400 0.89340 0.89310 0.89340 0.89330 0.89270 0.89260 0.89330 
TASK          G_EPOCH_NUM CLIENT_NUM L_DATA_NUM L_EPOCH_NUM L_BATCH_SIZE L_LR SIGMA
FashionMNIST          500        100        600           5           10 0.01   0.3
0.67570 0.70010 0.81870 0.84510 0.85550 0.86250 0.86920 0.87270 0.87620 0.87950 0.88180 0.88290 0.88400 0.88600 0.88610 0.88780 0.88860 0.88870 0.88920 0.89020 0.89210 0.89170 0.89210 0.89340 0.89310 0.89320 0.89320 0.89450 0.89470 0.89470 0.89440 0.89370 0.89370 0.89520 0.89590 0.89480 0.89630 0.89550 0.89630 0.89710 0.89780 0.89780 0.89850 0.89710 0.89800 0.89690 0.89790 0.89890 