TASK          G_EPOCH_NUM CLIENT_NUM L_DATA_NUM L_EPOCH_NUM L_BATCH_SIZE L_LR SIGMA
FashionMNIST          500        100        600           5           10 0.01   0.9
0.66690 0.72310 0.74070 0.75900 0.77260 0.78280 0.79380 0.80410 0.81290 0.81910 0.82730 0.83320 0.83760 0.84230 0.84460 0.84600 0.84820 0.85160 0.85280 0.85370 0.85520 0.85660 0.85790 0.85960 0.86050 0.86320 0.86420 0.86420 0.86610 0.86540 0.86570 0.86680 0.86590 0.86650 0.86690 0.86630 0.86810 0.86740 0.86770 0.86910 0.86880 0.86960 0.87010 0.86960 0.87000 0.86920 0.86940 0.86950 0.86990 0.86970 
TASK          G_EPOCH_NUM CLIENT_NUM L_DATA_NUM L_EPOCH_NUM L_BATCH_SIZE L_LR SIGMA
FashionMNIST          500        100        600           5           10 0.01   0.8
0.71740 0.75580 0.78040 0.80220 0.81920 0.83120 0.83870 0.84340 0.84780 0.85170 0.85620 0.85900 0.85910 0.86140 0.86350 0.86530 0.86850 0.87010 0.87100 0.87300 0.87300 0.87420 0.87700 0.87800 0.87890 0.88030 0.88120 0.88130 0.88160 0.88190 0.88190 0.88200 0.88230 0.88360 0.88320 0.88370 0.88540 0.88500 0.88420 0.88440 0.88520 0.88540 0.88600 0.88530 0.88520 0.88520 0.88470 0.88510 0.88500 0.88440 
TASK          G_EPOCH_NUM CLIENT_NUM L_DATA_NUM L_EPOCH_NUM L_BATCH_SIZE L_LR SIGMA
FashionMNIST          500        100        600           5           10 0.01   0.6
0.74290 0.79670 0.82500 0.83780 0.84460 0.85210 0.85820 0.86090 0.86360 0.86470 0.86670 0.86900 0.87130 0.87230 0.87510 0.87570 0.87680 0.87760 0.87660 0.87810 0.87750 0.87910 0.88020 0.87970 0.87980 0.88030 0.88160 0.88220 0.88280 0.88280 0.88290 0.88420 0.88500 0.88530 0.88530 0.88510 0.88550 0.88490 0.88540 0.88470 0.88530 0.88470 0.88570 0.88470 0.88520 0.88590 0.88520 0.88610 0.88720 0.88610 
TASK          G_EPOCH_NUM CLIENT_NUM L_DATA_NUM L_EPOCH_NUM L_BATCH_SIZE L_LR SIGMA
FashionMNIST          500        100        600           5           10 0.01   0.5
0.67680 0.72530 0.75270 0.76650 0.77530 0.77880 0.78280 0.78590 0.78890 0.78950 0.79200 0.79230 0.79420 0.79580 0.88110 0.88150 0.88420 0.88530 0.88610 0.88710 0.88770 0.88790 0.88800 0.88910 0.88910 0.89030 0.89030 0.89060 0.89010 0.89040 0.88990 0.89040 0.89050 0.89070 0.89040 0.89090 0.89060 0.89090 0.89070 0.89040 0.89040 0.89070 0.89120 0.89130 0.89260 0.89200 0.89270 0.89270 0.89120 0.89210 
TASK          G_EPOCH_NUM CLIENT_NUM L_DATA_NUM L_EPOCH_NUM L_BATCH_SIZE L_LR SIGMA
FashionMNIST          500        100        600           5           10 0.01   0.3
0.71570 0.79180 0.82720 0.84360 0.85500 0.86020 0.86520 0.86750 0.87120 0.87200 0.87480 0.87630 0.87760 0.87800 0.87930 0.87940 0.88040 0.88190 0.88200 0.88420 0.88470 0.88610 0.88560 0.88710 0.88750 0.88750 0.88690 0.88870 0.88920 0.88940 0.88950 0.88970 0.88960 0.89070 0.89240 0.89180 0.89230 0.89310 0.89340 0.89400 0.89290 0.89280 0.89300 0.89340 0.89330 0.89330 0.89390 0.89370 