TASK          G_EPOCH_NUM CLIENT_NUM L_DATA_NUM L_EPOCH_NUM L_BATCH_SIZE L_LR SIGMA
FashionMNIST          500        100        600           5           10 0.01   0.9
0.11924 0.09827 0.08960 0.08522 0.08176 0.07899 0.07668 0.07462 0.07325 0.07176 0.07039 0.06932 0.04985 0.04780 0.04674 0.04604 0.04541 0.04506 0.04464 0.04429 0.04412 0.04389 0.04367 0.04360 0.04348 0.04352 0.04356 0.04347 0.04341 0.04345 0.04346 0.04354 0.04361 0.04368 0.04364 0.04375 0.04376 0.04393 0.04398 0.04417 0.04417 0.04423 0.04419 0.04450 0.04449 0.04456 0.04459 0.04452 0.04481 0.04477 
TASK          G_EPOCH_NUM CLIENT_NUM L_DATA_NUM L_EPOCH_NUM L_BATCH_SIZE L_LR SIGMA
FashionMNIST          500        100        600           5           10 0.01   0.8
0.09656 0.08452 0.07795 0.07373 0.07075 0.06874 0.06694 0.06559 0.06458 0.04170 0.04110 0.04051 0.04009 0.03979 0.03962 0.03937 0.03919 0.03915 0.03907 0.03915 0.03921 0.03921 0.03933 0.03939 0.03954 0.03966 0.03977 0.03984 0.04006 0.04021 0.04032 0.04046 0.04068 0.04075 0.04092 0.04107 0.04125 0.04146 0.04147 0.04163 0.04196 0.04200 0.04221 0.04231 0.04228 0.04260 0.04273 0.04294 0.04299 0.04307 
TASK          G_EPOCH_NUM CLIENT_NUM L_DATA_NUM L_EPOCH_NUM L_BATCH_SIZE L_LR SIGMA
FashionMNIST          500        100        600           5           10 0.01   0.6
0.06839 0.05591 0.04967 0.04603 0.04364 0.04194 0.04073 0.03980 0.03892 0.03834 0.03794 0.03763 0.03743 0.03727 0.03727 0.03726 0.03727 0.03734 0.03750 0.03776 0.03801 0.03814 0.03840 0.03857 0.03885 0.03909 0.03944 0.03958 0.03983 0.04004 0.04026 0.04055 0.04079 0.04094 0.04120 0.04138 0.04169 0.04182 0.04209 0.04221 0.04247 0.04262 0.04275 0.04287 0.04309 0.04338 0.04346 0.04371 0.04383 0.04414 
TASK          G_EPOCH_NUM CLIENT_NUM L_DATA_NUM L_EPOCH_NUM L_BATCH_SIZE L_LR SIGMA
FashionMNIST          500        100        600           5           10 0.01   0.5
0.11097 0.08084 0.04988 0.04601 0.04337 0.04167 0.04034 0.03928 0.03851 0.03794 0.03742 0.03699 0.03665 0.03647 0.03633 0.03625 0.03608 0.03616 0.03627 0.03621 0.03626 0.03640 0.03634 0.03655 0.03664 0.03678 0.03688 0.03711 0.03735 0.03747 0.03761 0.03775 0.03791 0.03823 0.03838 0.03865 0.03873 0.03900 0.03915 0.03937 0.03950 0.03972 0.03995 0.04013 0.04043 0.04059 0.04096 0.04110 0.04133 0.04144 
TASK          G_EPOCH_NUM CLIENT_NUM L_DATA_NUM L_EPOCH_NUM L_BATCH_SIZE L_LR SIGMA
FashionMNIST          500        100        600           5           10 0.01   0.3
0.09595 0.08656 0.04978 0.04385 0.04055 0.03859 0.03746 0.03663 0.03606 0.03568 0.03538 0.03514 0.03500 0.03489 0.03493 0.03491 0.03494 0.03502 0.03523 0.03519 0.03533 0.03542 0.03546 0.03557 0.03574 0.03594 0.03604 0.03610 0.03640 0.03639 0.03660 0.03674 0.03702 0.03717 0.03737 0.03759 0.03780 0.03792 0.03816 0.03839 0.03861 0.03882 0.03904 0.03938 0.03939 0.03963 0.03978 0.04004 0.04023 0.04048 
