TASK          G_EPOCH_NUM CLIENT_NUM L_DATA_NUM L_EPOCH_NUM L_BATCH_SIZE L_LR SIGMA
FashionMNIST          500          3       6000           5           10 0.005    -1
0.83580 0.85520 0.85500 0.86360 0.86370 0.87180 0.86620 0.86760 0.87140 0.87450 0.87360 0.87160 0.87490 0.87470 0.87400 0.87520 0.87370 0.87630 0.87720 0.87490 0.87740 0.87640 0.87630 0.87600 0.87610 0.87580 0.87730 0.87810 0.87440 0.87820 0.87760 0.87700 0.87780 0.87640 0.87730 0.87730 0.87520 0.87570 0.87620 0.87430 0.87720 0.87820 0.87820 0.87830 0.87680 0.87780 0.88140 0.87920 0.87600 0.87830 
TASK          G_EPOCH_NUM CLIENT_NUM L_DATA_NUM L_EPOCH_NUM L_BATCH_SIZE L_LR SIGMA
FashionMNIST          500          4       6000           5           10 0.005    -1
0.75800 0.77410 0.78350 0.78070 0.78490 0.78960 0.78950 0.78910 0.78630 0.78660 0.78700 0.78580 0.78770 0.78650 0.78530 0.78600 0.78650 0.78550 0.78520 0.78590 0.78470 0.78520 0.78450 0.78560 0.78480 0.78570 0.78610 0.78520 0.78730 0.78720 0.78520 0.78550 0.78660 0.78630 0.78640 0.78640 0.78920 0.78800 0.78780 0.78880 0.78740 0.78850 0.78750 0.78820 0.78770 0.78850 0.78760 0.78830 0.78870 0.78840 
TASK          G_EPOCH_NUM CLIENT_NUM L_DATA_NUM L_EPOCH_NUM L_BATCH_SIZE L_LR SIGMA
FashionMNIST          500          5       6000           5           10 0.005    -1
0.86860 0.87470 0.89220 0.89320 0.88950 0.89190 0.88920 0.88760 0.88440 0.88720 0.88370 0.88570 0.88470 0.88300 0.88400 0.88550 0.88310 0.88320 0.88440 0.88270 0.88260 0.88280 0.88260 0.88280 0.88200 0.88230 0.88230 0.88330 0.88350 0.88120 0.88260 0.88160 0.88240 0.88250 0.88360 0.88250 0.88210 0.88240 0.88300 0.88220 0.88250 0.88180 0.88240 0.88250 0.88270 0.88190 0.88340 0.88220 0.88100 0.88250 
TASK          G_EPOCH_NUM CLIENT_NUM L_DATA_NUM L_EPOCH_NUM L_BATCH_SIZE L_LR SIGMA
FashionMNIST          500          6       6000           5           10 0.005    -1
0.87460 0.89420 0.89780 0.89900 0.90100 0.89990 0.89980 0.89940 0.89870 0.89800 0.89730 0.89690 0.89670 0.89780 0.89610 0.89690 0.89570 0.89680 0.89700 0.89770 0.89670 0.89680 0.89620 0.89630 0.89510 0.89600 0.89520 0.89540 0.89510 0.89590 0.89560 0.89500 0.89490 0.89610 0.89750 0.89670 0.89640 0.89540 0.89550 0.89540 0.89420 0.89550 0.89640 0.89570 0.89600 0.89560 0.89580 0.89560 0.89550 0.89620 
TASK          G_EPOCH_NUM CLIENT_NUM L_DATA_NUM L_EPOCH_NUM L_BATCH_SIZE L_LR SIGMA
FashionMNIST          500          3       6000           5           10 0.005    -1
TASK          G_EPOCH_NUM CLIENT_NUM L_DATA_NUM L_EPOCH_NUM L_BATCH_SIZE L_LR SIGMA
FashionMNIST          500          4       6000           5           10 0.005    -1
TASK          G_EPOCH_NUM CLIENT_NUM L_DATA_NUM L_EPOCH_NUM L_BATCH_SIZE L_LR SIGMA
FashionMNIST          500          5       6000           5           10 0.005    -1
TASK          G_EPOCH_NUM CLIENT_NUM L_DATA_NUM L_EPOCH_NUM L_BATCH_SIZE L_LR SIGMA
FashionMNIST          500          6       6000           5           10 0.005    -1
TASK          G_EPOCH_NUM CLIENT_NUM L_DATA_NUM L_EPOCH_NUM L_BATCH_SIZE L_LR SIGMA
FashionMNIST          500          7       6000           5           10 0.005    -1
TASK          G_EPOCH_NUM CLIENT_NUM L_DATA_NUM L_EPOCH_NUM L_BATCH_SIZE L_LR SIGMA
FashionMNIST          500          3       6000           5           10 0.005    -1
TASK          G_EPOCH_NUM CLIENT_NUM L_DATA_NUM L_EPOCH_NUM L_BATCH_SIZE L_LR SIGMA
FashionMNIST          500          3       6000           5           10 0.005    -1
TASK          G_EPOCH_NUM CLIENT_NUM L_DATA_NUM L_EPOCH_NUM L_BATCH_SIZE L_LR SIGMA
FashionMNIST          500          3       6000           5           10 0.005    -1
TASK          G_EPOCH_NUM CLIENT_NUM L_DATA_NUM L_EPOCH_NUM L_BATCH_SIZE L_LR SIGMA
FashionMNIST          500          3       6000           5           10 0.005    -1
TASK          G_EPOCH_NUM CLIENT_NUM L_DATA_NUM L_EPOCH_NUM L_BATCH_SIZE L_LR SIGMA
FashionMNIST          500          3       6000           5           10 0.005    -1
0.84290 0.87060 0.88070 0.88110 0.87850 TASK          G_EPOCH_NUM CLIENT_NUM L_DATA_NUM L_EPOCH_NUM L_BATCH_SIZE L_LR SIGMA
FashionMNIST          500          3       6000           5           10 0.005    -1
TASK          G_EPOCH_NUM CLIENT_NUM L_DATA_NUM L_EPOCH_NUM L_BATCH_SIZE L_LR SIGMA
FashionMNIST          500          3       6000           5           10 0.005    -1
0.86330 0.87750 0.88070 0.88250 0.87990 0.87930 0.87580 0.87730 0.87650 0.87700 0.87700 0.87650 0.87500 0.87650 0.87580 0.87640 0.87580 0.87580 0.87620 0.87610 0.87600 0.87600 0.87650 0.87590 0.87850 0.87630 0.87690 0.87740 0.87660 0.87680 0.87640 0.87610 0.87610 0.87600 0.87560 0.87580 0.87610 0.87600 0.87590 0.87630 0.87600 0.87610 0.87610 0.87580 0.87600 0.87610 0.87620 0.87610 0.87600 0.87620 
TASK          G_EPOCH_NUM CLIENT_NUM L_DATA_NUM L_EPOCH_NUM L_BATCH_SIZE L_LR SIGMA
FashionMNIST          500          4       6000           5           10 0.005    -1
0.86380 0.88360 0.88790 0.89130 0.89040 0.89080 0.89080 0.88630 0.88450 0.88580 0.88570 0.88530 0.88580 0.88480 0.88530 0.88400 0.88460 0.88500 0.88480 0.88350 0.88630 0.88470 0.88440 0.88400 0.88520 0.88490 0.88550 0.88510 0.88460 0.88460 0.88470 0.88490 0.88460 0.88400 0.88500 0.88520 0.88520 0.88510 0.88520 0.88550 0.88530 0.88520 0.88510 0.88530 0.88500 0.88500 0.88480 0.88500 0.88490 0.88500 
TASK          G_EPOCH_NUM CLIENT_NUM L_DATA_NUM L_EPOCH_NUM L_BATCH_SIZE L_LR SIGMA
FashionMNIST          500          5       6000           5           10 0.005    -1
0.72340 0.88090 0.88710 0.89290 0.89430 0.89350 0.89150 0.89330 0.89040 0.89100 0.89030 0.88710 0.88850 0.88860 0.88770 0.88710 0.88590 0.88520 0.88630 0.88610 0.88480 0.88480 0.88420 0.88350 0.88460 0.88560 0.88430 0.88510 0.88370 0.88450 0.88360 0.88250 0.88320 0.88290 0.88320 0.88250 0.88340 0.88270 0.88350 0.88380 0.88280 0.88270 0.88280 0.88390 0.88250 0.88360 0.88330 0.88310 0.88370 0.88300 
TASK          G_EPOCH_NUM CLIENT_NUM L_DATA_NUM L_EPOCH_NUM L_BATCH_SIZE L_LR SIGMA
FashionMNIST          500          6       6000           5           10 0.005    -1
0.83180 0.88790 0.89680 0.89840 0.90030 0.89770 0.89320 0.89950 0.89710 0.89780 0.89650 0.89800 0.89780 0.89630 0.89770 0.89610 0.89620 0.89510 0.89580 0.89460 0.89400 0.89300 0.89430 0.89410 0.89380 0.89410 0.89330 0.89330 0.89420 0.89370 0.89410 0.89390 0.89330 0.89340 0.89350 0.89300 0.89260 0.89290 0.89250 0.89300 0.89390 0.89390 0.89320 0.89350 0.89330 0.89340 0.89210 0.89280 0.89370 0.89370 
TASK          G_EPOCH_NUM CLIENT_NUM L_DATA_NUM L_EPOCH_NUM L_BATCH_SIZE L_LR SIGMA
FashionMNIST          500          7       6000           5           10 0.005    -1
0.76910 0.78840 0.79610 0.79980 0.80170 0.80310 0.80350 0.80140 0.80290 0.80120 0.80060 0.80010 0.80140 0.79950 0.79970 0.79920 0.79980 0.79870 0.79800 0.79820 0.79660 0.79780 0.79630 0.79620 0.79720 0.79640 0.79660 0.79580 0.79690 0.79640 0.79580 0.79680 0.79580 0.79680 0.79530 0.79600 0.79620 0.79500 0.79640 0.79630 0.79600 0.79610 0.79630 0.79440 0.79610 0.79650 0.79480 0.79540 0.79510 0.79550 
TASK          G_EPOCH_NUM CLIENT_NUM L_DATA_NUM L_EPOCH_NUM L_BATCH_SIZE L_LR SIGMA
FashionMNIST          500          3       6000           5           10 0.0025    -1
0.69900 TASK          G_EPOCH_NUM CLIENT_NUM L_DATA_NUM L_EPOCH_NUM L_BATCH_SIZE L_LR SIGMA
FashionMNIST          500          3       6000           5           10 0.0025    -1
0.71930 0.78950 0.82990 0.84160 0.84380 0.84660 TASK          G_EPOCH_NUM CLIENT_NUM L_DATA_NUM L_EPOCH_NUM L_BATCH_SIZE L_LR SIGMA
FashionMNIST          300          3       6000           5           10 0.0025    -1
0.58510 0.61770 0.63630 0.64320 0.65980 0.66460 0.66580 0.66400 0.74440 0.74860 0.75240 0.75130 0.75250 0.75150 0.75650 0.75390 0.75730 0.75480 0.75750 0.75680 0.75580 0.75780 0.75490 0.75570 0.75820 0.75770 0.75680 0.75640 0.75690 0.75800 
TASK          G_EPOCH_NUM CLIENT_NUM L_DATA_NUM L_EPOCH_NUM L_BATCH_SIZE L_LR SIGMA
FashionMNIST          300          4       6000           5           10 0.0025    -1
0.75910 0.81220 0.83340 0.84770 0.85440 0.85890 0.85930 0.86190 0.86390 0.86440 0.86140 0.86260 0.86200 0.86240 0.86000 0.86090 0.86190 0.86100 0.85950 0.85760 0.85740 0.85810 0.85770 0.85870 0.85930 0.85870 0.85800 0.85960 0.85920 0.85930 
TASK          G_EPOCH_NUM CLIENT_NUM L_DATA_NUM L_EPOCH_NUM L_BATCH_SIZE L_LR SIGMA
FashionMNIST          300          5       6000           5           10 0.0025    -1
0.67420 0.72780 0.83860 0.85000 0.85880 0.86020 0.86350 0.86290 0.86390 0.86270 0.86500 0.86270 0.86130 0.86260 0.85990 0.86180 0.86020 0.86050 0.86110 0.86060 0.85900 0.85890 0.85790 0.85940 0.85950 0.85910 0.86070 0.85960 0.85970 0.86060 
TASK          G_EPOCH_NUM CLIENT_NUM L_DATA_NUM L_EPOCH_NUM L_BATCH_SIZE L_LR SIGMA
FashionMNIST          300          6       6000           5           10 0.0025    -1
0.54730 0.61510 0.73810 0.75370 0.75920 0.76410 0.76680 0.77090 0.77070 0.77410 0.77480 0.77190 0.77180 0.77520 0.77540 0.77360 0.77660 0.77740 0.77720 0.77570 0.77560 0.77740 0.77470 0.77440 0.77390 0.77350 0.77440 0.77390 0.77290 0.77370 
TASK          G_EPOCH_NUM CLIENT_NUM L_DATA_NUM L_EPOCH_NUM L_BATCH_SIZE L_LR SIGMA
FashionMNIST          300          7       6000           5           10 0.0025    -1
0.67630 0.72670 0.75280 0.76300 0.76940 0.77440 0.77940 0.78140 0.78340 0.87800 0.87860 0.87990 0.87870 0.88060 0.88250 0.88100 0.88090 0.87940 0.88040 0.87760 0.87730 0.87750 0.87700 0.87660 0.87470 0.87530 0.87400 0.87580 0.87480 0.87380 
TASK          G_EPOCH_NUM CLIENT_NUM L_DATA_NUM L_EPOCH_NUM L_BATCH_SIZE L_LR SIGMA
FashionMNIST          300          3       6000           5           10 0.001    -1
0.35490 0.44270 0.50110 0.51830 0.53990 0.54470 0.56930 0.56080 0.57790 0.58130 0.57620 0.58880 0.58400 0.58890 0.63330 0.72220 0.73650 0.74060 0.74550 0.73960 0.74470 0.73730 0.74670 0.74560 0.74280 0.74860 0.75130 0.75050 0.74810 0.74600 
TASK          G_EPOCH_NUM CLIENT_NUM L_DATA_NUM L_EPOCH_NUM L_BATCH_SIZE L_LR SIGMA
FashionMNIST          300          4       6000           5           10 0.001    -1
0.69790 0.74400 0.77780 0.79990 0.81070 0.81940 0.82480 0.83340 0.84370 0.84740 0.85210 0.85650 0.85460 0.85740 0.86010 0.86270 0.85500 0.85580 0.86080 0.86270 0.86120 0.86050 0.86260 0.86290 0.86250 0.86420 0.85550 0.86380 0.85960 0.86150 
TASK          G_EPOCH_NUM CLIENT_NUM L_DATA_NUM L_EPOCH_NUM L_BATCH_SIZE L_LR SIGMA
FashionMNIST          300          5       6000           5           10 0.001    -1
0.62180 0.67250 0.69670 0.71490 0.72890 0.74130 0.74890 0.75500 0.75640 0.75530 0.76290 0.76300 0.76580 0.77120 0.77000 0.77050 0.76710 0.77220 0.77140 0.76750 0.77100 0.76950 0.76930 0.77310 0.77290 0.77270 0.77370 0.77300 0.77210 0.77190 
TASK          G_EPOCH_NUM CLIENT_NUM L_DATA_NUM L_EPOCH_NUM L_BATCH_SIZE L_LR SIGMA
FashionMNIST          300          6       6000           5           10 0.001    -1
0.49860 0.54320 0.57280 0.59060 0.59680 0.76560 0.79560 0.79260 0.80360 0.81630 0.81610 0.82580 0.82760 0.82930 0.83830 0.83840 0.84540 0.84730 0.84220 0.83840 0.84820 0.84660 0.84880 0.84790 0.85300 0.85560 0.85650 0.85290 0.85570 0.85570 
TASK          G_EPOCH_NUM CLIENT_NUM L_DATA_NUM L_EPOCH_NUM L_BATCH_SIZE L_LR SIGMA
FashionMNIST          300          7       6000           5           10 0.001    -1
0.69890 0.74900 0.76790 0.78220 0.79430 0.80020 0.80710 0.80660 0.81270 0.81620 0.81790 0.82100 0.82020 0.82420 0.82570 0.82600 0.82750 0.82890 0.82870 0.83000 0.82940 0.83040 0.82970 0.83030 0.82880 0.82870 0.82990 0.83120 0.82900 0.83090 
TASK          G_EPOCH_NUM CLIENT_NUM L_DATA_NUM L_EPOCH_NUM L_BATCH_SIZE L_LR SIGMA
FashionMNIST          300          3       6000           5           10 0.0001    -1
0.17550 0.17430 TASK          G_EPOCH_NUM CLIENT_NUM L_DATA_NUM L_EPOCH_NUM L_BATCH_SIZE L_LR SIGMA
FashionMNIST          300          3       6000           5           50 0.0001    -1
0.08910 0.11090 0.15340 0.18510 0.19220 0.19720 0.20730 0.22320 0.23590 0.24420 0.25050 0.25420 0.25690 0.25920 0.26010 0.26020 0.26090 0.26150 0.26260 0.26600 0.27170 0.27320 0.27430 0.27450 0.27440 0.27520 0.27570 0.27610 0.27690 0.27710 
TASK          G_EPOCH_NUM CLIENT_NUM L_DATA_NUM L_EPOCH_NUM L_BATCH_SIZE L_LR SIGMA
FashionMNIST          300          4       6000           5           50 0.0001    -1
0.09670 0.11650 0.13020 0.14440 0.17470 0.21740 0.24090 0.25520 0.27750 0.30390 0.31850 0.31670 0.30850 0.30110 TASK          G_EPOCH_NUM CLIENT_NUM L_DATA_NUM L_EPOCH_NUM L_BATCH_SIZE L_LR SIGMA
FashionMNIST          300          3       6000           5           50 0.001    -1
0.10060 0.27180 0.42520 0.45380 0.48140 0.49150 0.52460 0.54790 0.56010 0.57020 0.57210 0.57430 0.57690 0.58770 0.59370 0.59670 0.60030 0.59860 0.59900 0.60160 0.60190 0.60210 0.60530 0.60510 0.60560 0.60700 0.61010 0.60890 0.61110 0.61210 
TASK          G_EPOCH_NUM CLIENT_NUM L_DATA_NUM L_EPOCH_NUM L_BATCH_SIZE L_LR SIGMA
FashionMNIST          300          4       6000           5           50 0.001    -1
0.17610 0.29910 TASK          G_EPOCH_NUM CLIENT_NUM L_DATA_NUM L_EPOCH_NUM L_BATCH_SIZE L_LR SIGMA
FashionMNIST          300          3       6000           5           50 0.0015    -1
0.11400 TASK          G_EPOCH_NUM CLIENT_NUM L_DATA_NUM L_EPOCH_NUM L_BATCH_SIZE L_LR SIGMA
FashionMNIST          300          3       6000           5           50 0.0015    -1
0.24940 0.62870 0.67050 0.70030 0.71370 0.71770 0.71650 0.72710 0.73380 0.74140 0.74580 0.75280 0.75250 0.75780 0.76200 0.76660 0.76790 0.77260 0.77150 0.77510 0.77780 0.77760 0.77590 0.78020 0.77250 0.78090 0.78220 0.78330 0.78060 0.78050 
TASK          G_EPOCH_NUM CLIENT_NUM L_DATA_NUM L_EPOCH_NUM L_BATCH_SIZE L_LR SIGMA
FashionMNIST          300          4       6000           5           50 0.0015    -1
0.27600 0.39800 0.56480 0.57380 0.59120 0.61430 0.62260 0.62900 0.63340 0.64110 0.64140 0.64730 0.65180 0.65480 0.65330 0.65930 0.66020 0.66330 0.66570 0.66840 0.67150 0.67270 0.67380 0.67600 0.67730 0.67770 0.68100 0.68160 0.68390 0.68720 
TASK          G_EPOCH_NUM CLIENT_NUM L_DATA_NUM L_EPOCH_NUM L_BATCH_SIZE L_LR SIGMA
FashionMNIST          300          5       6000           5           50 0.0015    -1
0.22870 0.52400 0.60620 0.63630 0.65130 0.66980 0.75290 0.76270 0.77140 0.78280 0.78830 0.79630 0.79660 0.80080 0.80940 0.81100 0.80580 0.81980 0.81820 0.82990 0.82920 0.83320 0.83580 0.83910 0.83930 0.84080 0.84360 0.84310 0.84700 0.84770 
TASK          G_EPOCH_NUM CLIENT_NUM L_DATA_NUM L_EPOCH_NUM L_BATCH_SIZE L_LR SIGMA
FashionMNIST          300          6       6000           5           50 0.0015    -1
0.34890 0.50470 0.58060 0.62070 0.64110 0.65600 0.66500 0.66900 0.67580 0.68360 0.69420 0.69600 0.70380 0.71330 0.71760 0.72230 0.72470 0.72800 0.73200 0.73500 0.74000 0.74100 0.73920 0.74630 0.74740 0.74790 0.75070 0.75470 0.75590 0.75530 
TASK          G_EPOCH_NUM CLIENT_NUM L_DATA_NUM L_EPOCH_NUM L_BATCH_SIZE L_LR SIGMA
FashionMNIST          300          7       6000           5           50 0.0015    -1
0.10000 0.10000 0.10120 0.19170 0.28720 0.33820 0.45670 0.48660 0.59390 0.60820 0.61780 0.62290 0.63070 0.63990 0.64340 0.64840 0.65390 0.65560 0.65870 0.66160 0.66640 0.66900 0.67380 0.67670 0.67820 0.67810 0.68230 0.68160 0.68450 0.68650 
