TASK          G_EPOCH_NUM CLIENT_NUM L_DATA_NUM L_EPOCH_NUM L_BATCH_SIZE L_LR SIGMA
FashionMNIST          500          3       6000           5           10 0.005    -1
0.06606 0.06227 0.05181 0.05272 0.06248 0.07326 0.08307 0.09068 0.09624 0.10339 0.10648 0.10971 0.11107 0.11530 0.11630 0.11833 0.11995 0.12306 0.12256 0.12142 0.12543 0.12929 0.12739 0.12896 0.13275 0.13081 0.13069 0.13072 0.13260 0.13464 0.13451 0.13653 0.13469 0.13649 0.13721 0.13715 0.13937 0.13768 0.13938 0.13874 0.14084 0.13975 0.14179 0.14108 0.14192 0.14157 0.14005 0.14110 0.14256 0.14803 
TASK          G_EPOCH_NUM CLIENT_NUM L_DATA_NUM L_EPOCH_NUM L_BATCH_SIZE L_LR SIGMA
FashionMNIST          500          4       6000           5           10 0.005    -1
0.06142 0.03749 0.03500 0.03761 0.04368 0.04913 0.05495 0.06035 0.06810 0.07299 0.07826 0.08458 0.08700 0.09232 0.09528 0.09792 0.10001 0.10263 0.10495 0.10556 0.10909 0.11141 0.11189 0.11447 0.11626 0.11871 0.11838 0.11982 0.12249 0.12338 0.12307 0.12456 0.12641 0.12715 0.12802 0.13099 0.13105 0.13143 0.13027 0.13370 0.13376 0.13385 0.13356 0.13605 0.13557 0.13698 0.13799 0.13789 0.13770 0.13966 
TASK          G_EPOCH_NUM CLIENT_NUM L_DATA_NUM L_EPOCH_NUM L_BATCH_SIZE L_LR SIGMA
FashionMNIST          500          5       6000           5           10 0.005    -1
0.03712 0.03240 0.03253 0.03483 0.03828 0.04161 0.04637 0.05410 0.05952 0.06475 0.06856 0.07211 0.07663 0.07995 0.08450 0.08652 0.08844 0.09124 0.09366 0.09653 0.09706 0.09952 0.10007 0.10174 0.10544 0.10694 0.10722 0.10850 0.11042 0.11050 0.11224 0.11358 0.11446 0.11511 0.11616 0.11641 0.11754 0.11813 0.11881 0.11805 0.12048 0.12080 0.12233 0.12220 0.12272 0.12495 0.12464 0.12464 0.12591 0.12625 
TASK          G_EPOCH_NUM CLIENT_NUM L_DATA_NUM L_EPOCH_NUM L_BATCH_SIZE L_LR SIGMA
FashionMNIST          500          6       6000           5           10 0.005    -1
0.03423 0.03041 0.02976 0.03092 0.03323 0.03680 0.04049 0.04553 0.04940 0.05459 0.05842 0.06245 0.06629 0.06911 0.07221 0.07452 0.07733 0.07934 0.08202 0.08377 0.08612 0.08779 0.08908 0.09106 0.09307 0.09473 0.09591 0.09733 0.09942 0.10086 0.10173 0.10174 0.10397 0.10413 0.10625 0.10710 0.10865 0.10832 0.11055 0.11078 0.11143 0.11271 0.11274 0.11497 0.11426 0.11586 0.11727 0.11692 0.11816 0.11859 
