TASK          G_EPOCH_NUM CLIENT_NUM L_DATA_NUM L_EPOCH_NUM L_BATCH_SIZE L_LR SIGMA
FashionMNIST          500          3       6000           5           10 0.005    -1
0.04355 0.03734 0.04805 0.05814 0.06276 0.07233 0.08236 0.09299 0.09993 0.10828 0.11598 0.11722 0.11917 0.12629 0.12641 0.13132 0.13485 0.13396 0.13351 0.13761 0.14323 0.13857 0.14091 0.14419 0.14188 0.14367 0.14503 0.14330 0.14868 0.14829 0.14668 0.14738 0.15380 0.15247 0.15218 0.15013 0.15255 0.14747 0.15358 0.15182 0.15338 0.15540 0.15660 0.16040 0.15693 0.15587 0.15583 0.16320 0.15855 0.15981 
TASK          G_EPOCH_NUM CLIENT_NUM L_DATA_NUM L_EPOCH_NUM L_BATCH_SIZE L_LR SIGMA
FashionMNIST          500          4       6000           5           10 0.005    -1
0.06331 0.05860 0.05764 0.06005 0.06798 0.07421 0.05303 0.06235 0.06870 0.07427 0.07921 0.08634 0.08839 0.09287 0.09555 0.09772 0.09961 0.10100 0.10345 0.10501 0.10739 0.10940 0.11029 0.10960 0.11294 0.11381 0.11543 0.11629 0.11837 0.11785 0.11735 0.12098 0.11972 0.12093 0.11938 0.12081 0.12390 0.12386 0.12640 0.12291 0.12417 0.12513 0.12661 0.12705 0.12609 0.12780 0.13224 0.12793 0.12827 0.12873 
TASK          G_EPOCH_NUM CLIENT_NUM L_DATA_NUM L_EPOCH_NUM L_BATCH_SIZE L_LR SIGMA
FashionMNIST          500          5       6000           5           10 0.005    -1
0.03827 0.03244 0.03290 0.03474 0.03903 0.04184 0.04773 0.05327 0.05897 0.06332 0.06840 0.07356 0.07668 0.08004 0.08353 0.08705 0.08891 0.09124 0.09292 0.09690 0.09806 0.10034 0.10283 0.10399 0.10619 0.10741 0.10960 0.11093 0.11265 0.11255 0.11496 0.11586 0.11796 0.11920 0.11957 0.12056 0.12249 0.12205 0.12311 0.12448 0.12535 0.12417 0.12621 0.12782 0.12779 0.12874 0.12960 0.12969 0.12975 0.12938 
TASK          G_EPOCH_NUM CLIENT_NUM L_DATA_NUM L_EPOCH_NUM L_BATCH_SIZE L_LR SIGMA
FashionMNIST          500          6       6000           5           10 0.005    -1
0.09850 0.05301 0.02999 0.02896 0.03082 0.03399 0.03684 0.04038 0.04531 0.04952 0.05343 0.05707 0.06120 0.06464 0.06809 0.07107 0.07378 0.07604 0.07856 0.08121 0.08313 0.08524 0.08743 0.08890 0.09100 0.09251 0.09437 0.09514 0.09578 0.09834 0.09969 0.10180 0.10308 0.10402 0.10434 0.10639 0.10708 0.10823 0.10902 0.11164 0.11167 0.11257 0.11421 0.11445 0.11583 0.11531 0.11816 0.11706 0.11772 0.11914 
TASK          G_EPOCH_NUM CLIENT_NUM L_DATA_NUM L_EPOCH_NUM L_BATCH_SIZE L_LR SIGMA
FashionMNIST          500          3       6000           5           10 0.005    -1
TASK          G_EPOCH_NUM CLIENT_NUM L_DATA_NUM L_EPOCH_NUM L_BATCH_SIZE L_LR SIGMA
FashionMNIST          500          3       6000           5           10 0.005    -1
0.06063 0.05755 0.05906 0.06379 0.07180 0.07930 0.08761 0.09579 0.10225 0.10708 0.11177 0.11507 0.11887 0.12126 0.12415 0.12526 0.12699 0.12989 0.13250 0.13492 0.13197 0.13570 0.13608 0.13918 0.14103 0.14277 0.14443 0.14578 0.14668 0.14820 0.14917 0.15020 0.15117 0.15221 0.15313 0.15379 0.15470 0.15522 0.15625 0.15703 0.15778 0.15847 0.15901 0.13998 0.14421 0.14678 0.14872 0.14993 0.15139 0.15247 
TASK          G_EPOCH_NUM CLIENT_NUM L_DATA_NUM L_EPOCH_NUM L_BATCH_SIZE L_LR SIGMA
FashionMNIST          500          4       6000           5           10 0.005    -1
0.03886 0.03514 0.03516 0.03860 0.04365 0.04956 0.05761 0.06490 0.07176 0.07626 0.08112 0.08484 0.08922 0.09169 0.09423 0.09663 0.09898 0.10070 0.10264 0.10401 0.10607 0.10926 0.11159 0.10925 0.11177 0.11325 0.11352 0.11495 0.11737 0.11882 0.11972 0.11683 0.12001 0.12230 0.12381 0.12115 0.12390 0.12140 0.12409 0.12596 0.12756 0.12896 0.12866 0.13018 0.13135 0.13251 0.13357 0.13450 0.13544 0.13636 
TASK          G_EPOCH_NUM CLIENT_NUM L_DATA_NUM L_EPOCH_NUM L_BATCH_SIZE L_LR SIGMA
FashionMNIST          500          5       6000           5           10 0.005    -1
0.03781 0.03297 0.03246 0.03374 0.03606 0.04100 0.04499 0.05145 0.05654 0.06239 0.06685 0.07168 0.07606 0.07948 0.08247 0.08628 0.08825 0.09156 0.09397 0.09499 0.09770 0.09947 0.10200 0.10297 0.10437 0.10550 0.10754 0.10735 0.10973 0.11177 0.11043 0.11309 0.11521 0.11481 0.11665 0.11838 0.11940 0.11671 0.11802 0.11970 0.12139 0.11998 0.12200 0.12362 0.12443 0.12612 0.12624 0.12785 0.12846 0.12957 
TASK          G_EPOCH_NUM CLIENT_NUM L_DATA_NUM L_EPOCH_NUM L_BATCH_SIZE L_LR SIGMA
FashionMNIST          500          6       6000           5           10 0.005    -1
0.10407 0.09935 0.05508 0.05428 0.05556 0.05757 0.05990 0.06359 0.06666 0.06985 0.07428 0.07750 0.08170 0.08544 0.08871 0.09106 0.09482 0.09674 0.09947 0.10156 0.10360 0.10566 0.10752 0.10947 0.11081 0.11219 0.11438 0.11529 0.11738 0.11940 0.12000 0.12138 0.12134 0.12399 0.12469 0.12654 0.12604 0.12757 0.12729 0.12815 0.13054 0.13146 0.13286 0.13202 0.13238 0.13385 0.13591 0.13650 0.13659 0.13775 
TASK          G_EPOCH_NUM CLIENT_NUM L_DATA_NUM L_EPOCH_NUM L_BATCH_SIZE L_LR SIGMA
FashionMNIST          500          7       6000           5           10 0.005    -1
0.03954 0.03409 0.03239 0.03193 0.03201 0.03356 0.03551 0.03783 0.04089 0.04431 0.04737 0.05114 0.05503 0.05799 0.06151 0.06444 0.06742 0.07063 0.07319 0.07539 0.07787 0.08014 0.08255 0.08443 0.08677 0.08877 0.09046 0.09290 0.09458 0.09568 0.09724 0.09955 0.10064 0.10239 0.10397 0.10471 0.10671 0.10736 0.10949 0.11024 0.11181 0.11368 0.11420 0.11614 0.11548 0.11687 0.11913 0.11960 0.11992 0.12074 
TASK          G_EPOCH_NUM CLIENT_NUM L_DATA_NUM L_EPOCH_NUM L_BATCH_SIZE L_LR SIGMA
FashionMNIST          500          3       6000           5           10 0.0025    -1
0.10555 0.07767 0.07214 0.06856 0.06805 0.06786 TASK          G_EPOCH_NUM CLIENT_NUM L_DATA_NUM L_EPOCH_NUM L_BATCH_SIZE L_LR SIGMA
FashionMNIST          300          3       6000           5           10 0.0025    -1
0.06458 0.05367 0.04780 0.04501 0.04384 0.04419 0.04575 0.04746 0.05046 0.05428 0.05875 0.06258 0.06708 0.07233 0.07736 0.08302 0.08604 0.09084 0.09494 0.09840 0.10171 0.10437 0.10678 0.10922 0.11090 0.11338 0.11484 0.11708 0.11834 0.12025 
TASK          G_EPOCH_NUM CLIENT_NUM L_DATA_NUM L_EPOCH_NUM L_BATCH_SIZE L_LR SIGMA
FashionMNIST          300          4       6000           5           10 0.0025    -1
0.10819 0.09481 0.08908 0.08579 0.08451 0.08309 0.06150 0.06161 0.06290 0.06359 0.06505 0.06670 0.06866 0.07149 0.07326 0.07540 0.07823 0.08051 0.08228 0.08553 0.08764 0.09171 0.09290 0.09447 0.09636 0.09850 0.10028 0.10251 0.10266 0.10530 
TASK          G_EPOCH_NUM CLIENT_NUM L_DATA_NUM L_EPOCH_NUM L_BATCH_SIZE L_LR SIGMA
FashionMNIST          300          5       6000           5           10 0.0025    -1
0.08865 0.07576 0.04719 0.04321 0.04141 0.04013 0.03992 0.03992 0.03987 0.04156 0.04201 0.04322 0.04522 0.04745 0.05034 0.05251 0.05587 0.05889 0.06148 0.06482 0.06809 0.07040 0.07363 0.07655 0.07863 0.08059 0.08320 0.08503 0.08677 0.08860 
TASK          G_EPOCH_NUM CLIENT_NUM L_DATA_NUM L_EPOCH_NUM L_BATCH_SIZE L_LR SIGMA
FashionMNIST          300          6       6000           5           10 0.0025    -1
0.11680 0.09773 0.09177 0.08793 0.08565 0.08433 0.08324 0.08289 0.08308 0.08345 0.08318 0.08387 0.08478 0.08597 0.08633 0.08767 0.08843 0.08975 0.09174 0.07551 0.07691 0.07831 0.08012 0.08276 0.08455 0.08758 0.08997 0.09152 0.09321 0.09580 
TASK          G_EPOCH_NUM CLIENT_NUM L_DATA_NUM L_EPOCH_NUM L_BATCH_SIZE L_LR SIGMA
FashionMNIST          300          7       6000           5           10 0.0025    -1
0.11061 0.07849 0.07101 0.06692 0.06477 0.06302 0.06204 0.06196 0.06118 0.06117 0.06189 0.06210 0.06276 0.06370 0.06499 0.06667 0.06762 0.06934 0.07097 0.07329 0.07464 0.07715 0.07872 0.08120 0.08302 0.08508 0.08720 0.08948 0.09148 0.09346 
TASK          G_EPOCH_NUM CLIENT_NUM L_DATA_NUM L_EPOCH_NUM L_BATCH_SIZE L_LR SIGMA
FashionMNIST          300          3       6000           5           10 0.001    -1
0.15198 0.10958 0.10302 0.09904 0.09614 0.09376 0.09177 0.09007 0.08964 0.08876 0.08871 0.08862 0.08805 0.08791 0.08791 0.08841 0.08812 0.08858 0.08925 0.08969 0.09073 0.09106 0.09187 0.09363 0.09342 0.09616 0.09529 0.09657 0.09777 0.10026 
TASK          G_EPOCH_NUM CLIENT_NUM L_DATA_NUM L_EPOCH_NUM L_BATCH_SIZE L_LR SIGMA
FashionMNIST          300          4       6000           5           10 0.001    -1
0.17348 0.15773 0.15404 0.15204 0.14901 0.14756 0.14599 0.14536 0.14394 0.14316 0.14261 0.14217 0.14176 0.14191 0.12998 0.12823 0.12733 0.12670 0.12619 0.12590 0.12566 0.12617 0.12550 0.12581 0.12616 0.12628 0.12700 0.12728 0.12737 0.12841 
TASK          G_EPOCH_NUM CLIENT_NUM L_DATA_NUM L_EPOCH_NUM L_BATCH_SIZE L_LR SIGMA
FashionMNIST          300          5       6000           5           10 0.001    -1
0.15750 0.10823 0.10107 0.09723 0.09475 0.09229 0.09032 0.08925 0.08748 0.08648 0.08541 0.08441 0.08349 0.08374 0.08282 0.06582 0.06403 0.06407 0.04154 0.04110 0.04086 0.04093 0.04091 0.04142 0.04199 0.04267 0.04299 0.04349 0.04456 0.04516 
TASK          G_EPOCH_NUM CLIENT_NUM L_DATA_NUM L_EPOCH_NUM L_BATCH_SIZE L_LR SIGMA
FashionMNIST          300          6       6000           5           10 0.001    -1
0.07427 0.06391 0.05640 0.05219 0.04910 0.04717 0.04549 0.04422 0.04328 0.04232 0.04158 0.04110 0.04081 0.04026 0.04013 0.04046 0.04008 0.03981 0.04001 0.04000 0.04025 0.04010 0.04065 0.04087 0.04110 0.04161 0.04237 0.04274 0.04323 0.04402 
TASK          G_EPOCH_NUM CLIENT_NUM L_DATA_NUM L_EPOCH_NUM L_BATCH_SIZE L_LR SIGMA
FashionMNIST          300          7       6000           5           10 0.001    -1
0.10052 0.08585 0.08043 0.07625 0.07297 0.07029 0.05003 0.04760 0.04614 0.04425 0.04293 0.04228 0.04114 0.04060 0.04033 0.03967 0.03937 0.03939 0.03910 0.03890 0.03880 0.03899 0.03892 0.03845 0.03882 0.03881 0.03928 0.03922 0.03960 0.03992 
TASK          G_EPOCH_NUM CLIENT_NUM L_DATA_NUM L_EPOCH_NUM L_BATCH_SIZE L_LR SIGMA
FashionMNIST          300          3       6000           5           10 0.0001    -1
0.22896 0.22737 TASK          G_EPOCH_NUM CLIENT_NUM L_DATA_NUM L_EPOCH_NUM L_BATCH_SIZE L_LR SIGMA
FashionMNIST          300          3       6000           5           50 0.0001    -1
0.04597 0.04594 0.04591 0.04588 0.04585 0.04582 0.04578 0.04574 0.04571 0.04566 0.04562 0.04557 0.04551 0.04544 0.04537 0.04528 0.04518 0.04506 0.04492 0.04475 0.04455 0.04430 0.04399 0.04352 0.04298 0.04233 0.04159 0.04078 0.03981 0.03877 
TASK          G_EPOCH_NUM CLIENT_NUM L_DATA_NUM L_EPOCH_NUM L_BATCH_SIZE L_LR SIGMA
FashionMNIST          300          4       6000           5           50 0.0001    -1
0.04605 0.04604 0.04603 0.04603 0.04602 0.04601 0.04601 0.04600 0.04599 0.04599 0.04598 0.04598 0.04597 0.04596 0.04596 TASK          G_EPOCH_NUM CLIENT_NUM L_DATA_NUM L_EPOCH_NUM L_BATCH_SIZE L_LR SIGMA
FashionMNIST          300          3       6000           5           50 0.001    -1
0.04574 0.04382 0.02989 0.02321 0.02120 0.01996 0.01931 0.01862 0.01814 0.01783 0.01754 0.01730 0.01702 0.01689 0.01643 0.01633 0.01609 0.01588 0.01575 0.01572 0.01549 0.01544 0.01514 0.01514 0.01494 0.01482 0.01472 0.01459 0.01449 0.01437 
TASK          G_EPOCH_NUM CLIENT_NUM L_DATA_NUM L_EPOCH_NUM L_BATCH_SIZE L_LR SIGMA
FashionMNIST          300          4       6000           5           50 0.001    -1
0.04554 0.04114 TASK          G_EPOCH_NUM CLIENT_NUM L_DATA_NUM L_EPOCH_NUM L_BATCH_SIZE L_LR SIGMA
FashionMNIST          300          3       6000           5           50 0.0015    -1
0.04558 TASK          G_EPOCH_NUM CLIENT_NUM L_DATA_NUM L_EPOCH_NUM L_BATCH_SIZE L_LR SIGMA
FashionMNIST          300          3       6000           5           50 0.0015    -1
0.04517 0.03397 0.02848 0.02640 0.02518 0.02450 0.02404 0.02373 0.02336 0.02322 0.02286 0.02264 0.02241 0.02226 0.02206 0.02193 0.02176 0.02174 0.02160 0.02146 0.02129 0.02125 0.02116 0.02114 0.02107 0.02094 0.02089 0.02082 0.02084 0.02077 
TASK          G_EPOCH_NUM CLIENT_NUM L_DATA_NUM L_EPOCH_NUM L_BATCH_SIZE L_LR SIGMA
FashionMNIST          300          4       6000           5           50 0.0015    -1
0.04407 0.02885 0.02311 0.01852 0.01727 0.01667 0.01627 0.01591 0.01571 0.01544 0.01520 0.01503 0.01486 0.01471 0.01465 0.01460 0.01437 0.01428 0.01419 0.01414 0.01409 0.01396 0.01383 0.01390 0.01366 0.01365 0.01355 0.01347 0.01337 0.01332 
TASK          G_EPOCH_NUM CLIENT_NUM L_DATA_NUM L_EPOCH_NUM L_BATCH_SIZE L_LR SIGMA
FashionMNIST          300          5       6000           5           50 0.0015    -1
0.04583 0.04490 0.04050 0.03581 0.03359 0.03190 0.03061 0.02989 0.02947 0.02916 0.02882 0.02856 0.02839 0.02477 0.02414 0.02383 0.02362 0.02345 0.02333 0.02306 0.02290 0.02274 0.02251 0.02237 0.02220 0.02205 0.02192 0.02181 0.02171 0.02167 
TASK          G_EPOCH_NUM CLIENT_NUM L_DATA_NUM L_EPOCH_NUM L_BATCH_SIZE L_LR SIGMA
FashionMNIST          300          6       6000           5           50 0.0015    -1
0.04558 0.04339 0.03665 0.03279 0.02673 0.02555 0.02313 0.02250 0.02216 0.02182 0.02161 0.02144 0.02126 0.02112 0.02097 0.02084 0.02074 0.02060 0.02047 0.01499 0.01447 0.01412 0.01391 0.01369 0.01352 0.01337 0.01323 0.01315 0.01299 0.01292 
TASK          G_EPOCH_NUM CLIENT_NUM L_DATA_NUM L_EPOCH_NUM L_BATCH_SIZE L_LR SIGMA
FashionMNIST          300          7       6000           5           50 0.0015    -1
0.04580 0.04367 0.03861 0.03247 0.02870 0.02744 0.02667 0.02604 0.02552 0.02503 0.02463 0.02430 0.02397 0.02371 0.02351 0.02318 0.01937 0.01901 0.01876 0.01446 0.01418 0.01395 0.01380 0.01363 0.01354 0.01337 0.01328 0.01322 0.01308 0.01297 
