TASK          G_EPOCH_NUM CLIENT_NUM L_DATA_NUM L_EPOCH_NUM L_BATCH_SIZE L_LR SIGMA
FashionMNIST          500          3       6000           5           10 0.005    -1
0.04371 0.04214 0.04739 0.05205 0.06194 0.07051 0.08415 0.09271 0.09889 0.10232 0.10755 0.11296 0.11470 0.11855 0.12118 0.12343 0.12684 0.12449 0.12759 0.12986 0.12726 0.13176 0.13199 0.13458 0.13601 0.13775 0.13568 0.13806 0.13793 0.13945 0.14029 0.14175 0.13897 0.14115 0.14167 0.14390 0.14529 0.14489 0.14642 0.14887 0.14895 0.14715 0.14742 0.14711 0.14820 0.14970 0.15008 0.15045 0.15377 0.14959 
TASK          G_EPOCH_NUM CLIENT_NUM L_DATA_NUM L_EPOCH_NUM L_BATCH_SIZE L_LR SIGMA
FashionMNIST          500          4       6000           5           10 0.005    -1
0.06207 0.05878 0.05927 0.06416 0.06747 0.07169 0.07898 0.08663 0.09423 0.09937 0.10429 0.11002 0.11264 0.11609 0.11951 0.12092 0.12174 0.12644 0.12821 0.12976 0.13155 0.13268 0.13461 0.13648 0.13735 0.13723 0.13843 0.14137 0.14100 0.14134 0.14313 0.14418 0.14528 0.14496 0.14561 0.14715 0.14680 0.14734 0.14887 0.14828 0.15003 0.15143 0.14935 0.15117 0.15264 0.15240 0.15200 0.15338 0.15489 0.15551 
TASK          G_EPOCH_NUM CLIENT_NUM L_DATA_NUM L_EPOCH_NUM L_BATCH_SIZE L_LR SIGMA
FashionMNIST          500          5       6000           5           10 0.005    -1
0.03602 0.03517 0.03117 0.03385 0.03842 0.04146 0.04800 0.05275 0.05983 0.06463 0.07066 0.07436 0.07960 0.08374 0.08798 0.09141 0.09470 0.09860 0.10030 0.10472 0.10742 0.10940 0.11055 0.11376 0.11603 0.11769 0.11990 0.12110 0.12333 0.12462 0.12680 0.12765 0.12915 0.13043 0.13220 0.13386 0.13591 0.13384 0.13661 0.13794 0.13894 0.14090 0.13941 0.14050 0.14285 0.14376 0.14460 0.14727 0.14652 0.14608 
TASK          G_EPOCH_NUM CLIENT_NUM L_DATA_NUM L_EPOCH_NUM L_BATCH_SIZE L_LR SIGMA
FashionMNIST          500          6       6000           5           10 0.005    -1
0.03385 0.03023 0.03010 0.03038 0.03233 0.03473 0.03807 0.04181 0.04511 0.04973 0.05350 0.05726 0.06114 0.06535 0.06859 0.07267 0.07553 0.07802 0.08124 0.08350 0.08663 0.08851 0.09060 0.09259 0.09475 0.09677 0.09853 0.10098 0.10236 0.10431 0.10506 0.10736 0.10842 0.11017 0.11051 0.11269 0.11352 0.11551 0.11580 0.11772 0.11851 0.11936 0.11929 0.12055 0.12271 0.12362 0.12329 0.12542 0.12629 0.12642 
