TASK          G_EPOCH_NUM CLIENT_NUM L_DATA_NUM L_EPOCH_NUM L_BATCH_SIZE L_LR SIGMA
FashionMNIST          500          3       6000           5           10 0.005    -1
0.83290 0.86040 0.86400 0.86740 0.86310 0.86590 0.86580 0.86500 0.86730 0.86710 0.86900 0.87090 0.87200 0.87200 0.87190 0.87250 0.87460 0.87300 0.87320 0.87430 0.87550 0.87590 0.87410 0.87480 0.87320 0.87440 0.87450 0.87710 0.87800 0.87720 0.87500 0.87510 0.87680 0.87660 0.87560 0.87620 0.87590 0.87990 0.87870 0.87830 0.87560 0.87680 0.87690 0.87790 0.87830 0.87830 0.87900 0.87800 0.87780 0.87800 
TASK          G_EPOCH_NUM CLIENT_NUM L_DATA_NUM L_EPOCH_NUM L_BATCH_SIZE L_LR SIGMA
FashionMNIST          500          4       6000           5           10 0.005    -1
0.85900 0.86860 0.88660 0.88150 0.87940 0.88790 0.88190 0.88240 0.88440 0.88330 0.88530 0.88150 0.88460 0.88200 0.88290 0.88250 0.88370 0.88250 0.88360 0.88270 0.88160 0.88250 0.88290 0.88400 0.88600 0.88290 0.88610 0.88550 0.88340 0.88540 0.88480 0.88610 0.88260 0.88350 0.88540 0.88470 0.88530 0.88320 0.88430 0.88410 0.88550 0.88510 0.88480 0.88550 0.88410 0.88620 0.88740 0.88540 0.88650 0.88780 
TASK          G_EPOCH_NUM CLIENT_NUM L_DATA_NUM L_EPOCH_NUM L_BATCH_SIZE L_LR SIGMA
FashionMNIST          500          5       6000           5           10 0.005    -1
0.86730 0.87600 0.89490 0.90040 0.90050 0.89530 0.89940 0.89700 0.89520 0.89520 0.89410 0.89420 0.89520 0.89420 0.89590 0.89650 0.89650 0.89470 0.89540 0.89450 0.89500 0.89370 0.89580 0.89540 0.89500 0.89590 0.89570 0.89360 0.89400 0.89590 0.89570 0.89500 0.89450 0.89400 0.89520 0.89570 0.89490 0.89540 0.89610 0.89530 0.89700 0.89640 0.89570 0.89610 0.89490 0.89540 0.89520 0.89600 0.89620 0.89710 
TASK          G_EPOCH_NUM CLIENT_NUM L_DATA_NUM L_EPOCH_NUM L_BATCH_SIZE L_LR SIGMA
FashionMNIST          500          6       6000           5           10 0.005    -1
0.87640 0.89300 0.90300 0.90240 0.90490 0.90570 0.90420 0.90510 0.90620 0.90370 0.90250 0.90310 0.90160 0.90250 0.90250 0.90290 0.90360 0.90430 0.90280 0.90250 0.90180 0.90210 0.90290 0.90290 0.90190 0.90150 0.90230 0.90130 0.90090 0.89950 0.90020 0.90080 0.89960 0.90080 0.89860 0.89840 0.89950 0.89820 0.89850 0.89920 0.89780 0.89800 0.89930 0.89940 0.89700 0.89860 0.89770 0.89870 0.89880 0.89810 
