TASK          G_EPOCH_NUM CLIENT_NUM L_DATA_NUM L_EPOCH_NUM L_BATCH_SIZE L_LR SIGMA
FashionMNIST          500          3       6000           5           10 0.005    -1
0.04569 0.04046 0.04490 0.05087 0.06250 0.07401 0.08506 0.09549 0.10120 0.10830 0.11229 0.11537 0.11829 0.12256 0.12527 0.12550 0.12706 0.12952 0.13135 0.13211 0.13390 0.13484 0.13714 0.14060 0.13843 0.13903 0.14244 0.14048 0.13903 0.14079 0.14346 0.14451 0.14470 0.14716 0.14592 0.14640 0.14662 0.14690 0.14675 0.15110 0.14993 0.15122 0.15082 0.15047 0.15149 0.14984 0.15128 0.15221 0.15328 0.15564 
TASK          G_EPOCH_NUM CLIENT_NUM L_DATA_NUM L_EPOCH_NUM L_BATCH_SIZE L_LR SIGMA
FashionMNIST          500          4       6000           5           10 0.005    -1
0.03853 0.03675 0.03366 0.03803 0.04272 0.04485 0.05355 0.05918 0.06397 0.07082 0.07532 0.08225 0.08602 0.09018 0.09364 0.09622 0.10008 0.10218 0.10322 0.10577 0.10945 0.11034 0.11184 0.11305 0.11453 0.11578 0.11764 0.11940 0.12140 0.12145 0.12250 0.12388 0.12465 0.12504 0.12627 0.12691 0.12784 0.12770 0.13119 0.13139 0.13271 0.13243 0.13335 0.13389 0.13526 0.13444 0.13558 0.13483 0.13641 0.13746 
TASK          G_EPOCH_NUM CLIENT_NUM L_DATA_NUM L_EPOCH_NUM L_BATCH_SIZE L_LR SIGMA
FashionMNIST          500          5       6000           5           10 0.005    -1
0.03562 0.03356 0.03059 0.03177 0.03407 0.03899 0.04150 0.04631 0.05143 0.05615 0.06126 0.06612 0.06954 0.07428 0.07686 0.08023 0.08241 0.08578 0.08818 0.09038 0.09364 0.09486 0.09741 0.09920 0.10140 0.10302 0.10480 0.10577 0.10718 0.10822 0.10925 0.11207 0.11290 0.11413 0.11525 0.11656 0.11823 0.11857 0.11893 0.12044 0.12146 0.12194 0.12248 0.12281 0.12360 0.12479 0.12460 0.12550 0.12604 0.12770 
TASK          G_EPOCH_NUM CLIENT_NUM L_DATA_NUM L_EPOCH_NUM L_BATCH_SIZE L_LR SIGMA
FashionMNIST          500          6       6000           5           10 0.005    -1
0.03421 0.03035 0.02876 0.02926 0.03198 0.03413 0.03732 0.04211 0.04579 0.04999 0.05423 0.05765 0.06159 0.06469 0.06714 0.07067 0.07307 0.07529 0.07751 0.07948 0.08145 0.08334 0.08486 0.08672 0.08828 0.08995 0.09128 0.09232 0.09362 0.09470 0.09659 0.09819 0.09929 0.10053 0.10133 0.10196 0.10361 0.10546 0.10501 0.10669 0.10814 0.10843 0.10868 0.11118 0.11013 0.11085 0.11122 0.11273 0.11291 0.11484 
