TASK          G_EPOCH_NUM CLIENT_NUM L_DATA_NUM L_EPOCH_NUM L_BATCH_SIZE L_LR SIGMA
FashionMNIST          500          3       6000           5           10 0.005    -1
0.84120 0.87300 0.85910 0.85600 0.86590 0.87010 0.86960 0.86890 0.87100 0.86650 0.86710 0.86970 0.87020 0.86950 0.87050 0.86910 0.86870 0.87090 0.87280 0.87170 0.86780 0.87300 0.87280 0.87100 0.87470 0.87440 0.87200 0.87390 0.87370 0.87320 0.87620 0.87690 0.87310 0.87400 0.87450 0.87610 0.87650 0.87260 0.87490 0.87700 0.87730 0.87660 0.87680 0.87530 0.87520 0.87650 0.87690 0.87320 0.87520 0.87440 
TASK          G_EPOCH_NUM CLIENT_NUM L_DATA_NUM L_EPOCH_NUM L_BATCH_SIZE L_LR SIGMA
FashionMNIST          500          4       6000           5           10 0.005    -1
0.75470 0.77830 0.78810 0.78920 0.78390 0.78350 0.88700 0.88260 0.88120 0.88040 0.88250 0.88110 0.88330 0.88240 0.88410 0.88280 0.88520 0.88540 0.88490 0.88570 0.88490 0.88480 0.88590 0.88650 0.88560 0.88580 0.88560 0.88520 0.88570 0.88740 0.88670 0.88430 0.88690 0.88820 0.88870 0.88820 0.88760 0.88790 0.88690 0.88820 0.88670 0.88830 0.88750 0.88780 0.88890 0.88960 0.88550 0.88960 0.88860 0.88960 
TASK          G_EPOCH_NUM CLIENT_NUM L_DATA_NUM L_EPOCH_NUM L_BATCH_SIZE L_LR SIGMA
FashionMNIST          500          5       6000           5           10 0.005    -1
0.85770 0.88710 0.88880 0.89210 0.89230 0.89830 0.89740 0.89550 0.89470 0.89510 0.89430 0.89370 0.89300 0.89370 0.89200 0.89250 0.89310 0.89240 0.89250 0.89110 0.89160 0.89080 0.89290 0.89170 0.89050 0.89030 0.89110 0.89190 0.89090 0.89200 0.89150 0.89290 0.89120 0.89130 0.89200 0.89320 0.89060 0.89300 0.89130 0.89300 0.89330 0.89320 0.89230 0.89200 0.89380 0.89460 0.89330 0.89280 0.89340 0.89310 
TASK          G_EPOCH_NUM CLIENT_NUM L_DATA_NUM L_EPOCH_NUM L_BATCH_SIZE L_LR SIGMA
FashionMNIST          500          6       6000           5           10 0.005    -1
0.69170 0.79860 0.89710 0.90240 0.90220 0.90400 0.90180 0.89940 0.89960 0.89830 0.89830 0.89910 0.89850 0.89690 0.89640 0.89660 0.89710 0.89640 0.89530 0.89490 0.89460 0.89360 0.89440 0.89370 0.89570 0.89450 0.89400 0.89430 0.89430 0.89440 0.89210 0.89360 0.89420 0.89330 0.89250 0.89320 0.89370 0.89320 0.89220 0.89240 0.89170 0.89130 0.89260 0.89330 0.89350 0.89260 0.89330 0.89190 0.89170 0.89070 
TASK          G_EPOCH_NUM CLIENT_NUM L_DATA_NUM L_EPOCH_NUM L_BATCH_SIZE L_LR SIGMA
FashionMNIST          500          3       6000           5           10 0.005    -1
TASK          G_EPOCH_NUM CLIENT_NUM L_DATA_NUM L_EPOCH_NUM L_BATCH_SIZE L_LR SIGMA
FashionMNIST          500          3       6000           5           10 0.005    -1
0.77600 0.78850 0.79060 0.78980 0.78630 0.78260 0.78390 0.78300 0.78430 0.78300 0.78190 0.78270 0.78280 0.78170 0.78250 0.78230 0.78130 0.78290 0.78290 0.78260 0.78130 0.78220 0.78190 0.78230 0.78210 0.78210 0.78180 0.78170 0.78180 0.78230 0.78170 0.78150 0.78220 0.78230 0.78180 0.78130 0.78140 0.78150 0.78170 0.78170 0.78180 0.78190 0.78140 0.78120 0.78120 0.78210 0.78210 0.78180 0.78230 0.78250 
TASK          G_EPOCH_NUM CLIENT_NUM L_DATA_NUM L_EPOCH_NUM L_BATCH_SIZE L_LR SIGMA
FashionMNIST          500          4       6000           5           10 0.005    -1
0.86300 0.87800 0.88600 0.88740 0.88430 0.88400 0.88450 0.88290 0.88350 0.87980 0.88100 0.88250 0.88160 0.88130 0.88300 0.88200 0.88140 0.88240 0.88230 0.88280 0.88310 0.88220 0.88240 0.88300 0.88160 0.88250 0.88250 0.88240 0.88250 0.88220 0.88340 0.88290 0.88150 0.88150 0.88130 0.88270 0.88250 0.88230 0.88210 0.88150 0.88170 0.88120 0.88220 0.88210 0.88240 0.88250 0.88240 0.88240 0.88210 0.88270 
TASK          G_EPOCH_NUM CLIENT_NUM L_DATA_NUM L_EPOCH_NUM L_BATCH_SIZE L_LR SIGMA
FashionMNIST          500          5       6000           5           10 0.005    -1
0.86590 0.88460 0.89350 0.89600 0.89660 0.89490 0.89670 0.89440 0.89400 0.89460 0.89470 0.89410 0.89410 0.89360 0.89430 0.89410 0.89360 0.89270 0.89300 0.89350 0.89290 0.89200 0.89170 0.89240 0.89270 0.89140 0.89270 0.89290 0.89230 0.89130 0.89200 0.89220 0.89150 0.89190 0.89230 0.89120 0.89170 0.89260 0.89220 0.89210 0.89200 0.89090 0.89070 0.89060 0.89080 0.89120 0.89130 0.89170 0.89120 0.89110 
TASK          G_EPOCH_NUM CLIENT_NUM L_DATA_NUM L_EPOCH_NUM L_BATCH_SIZE L_LR SIGMA
FashionMNIST          500          6       6000           5           10 0.005    -1
0.64110 0.67930 0.79410 0.79870 0.79910 0.79730 0.79830 0.79790 0.79710 0.79860 0.79810 0.79820 0.79810 0.79720 0.79770 0.79730 0.79670 0.79810 0.79600 0.79630 0.79680 0.79530 0.79510 0.79500 0.79530 0.79510 0.79390 0.79370 0.79500 0.79440 0.79230 0.79430 0.79350 0.79410 0.79410 0.79470 0.79320 0.79310 0.79260 0.79360 0.79280 0.79270 0.79260 0.79270 0.79080 0.79300 0.79250 0.79280 0.79310 0.79240 
TASK          G_EPOCH_NUM CLIENT_NUM L_DATA_NUM L_EPOCH_NUM L_BATCH_SIZE L_LR SIGMA
FashionMNIST          500          7       6000           5           10 0.005    -1
0.85840 0.87740 0.88730 0.89060 0.89480 0.89370 0.89800 0.89570 0.89680 0.89620 0.89400 0.89290 0.89150 0.89160 0.89340 0.89340 0.89120 0.89240 0.89190 0.89260 0.89240 0.89220 0.89160 0.89190 0.89200 0.89060 0.89110 0.89140 0.89090 0.89240 0.89030 0.89240 0.89160 0.89140 0.89130 0.89180 0.89130 0.89100 0.89090 0.89050 0.89050 0.88940 0.88890 0.89130 0.88990 0.88960 0.88890 0.89020 0.88980 0.89000 
TASK          G_EPOCH_NUM CLIENT_NUM L_DATA_NUM L_EPOCH_NUM L_BATCH_SIZE L_LR SIGMA
FashionMNIST          500          3       6000           5           10 0.0025    -1
0.67060 0.72320 0.74050 0.75090 0.75260 0.76390 TASK          G_EPOCH_NUM CLIENT_NUM L_DATA_NUM L_EPOCH_NUM L_BATCH_SIZE L_LR SIGMA
FashionMNIST          300          3       6000           5           10 0.0025    -1
0.75620 0.81030 0.83330 0.84620 0.85070 0.85710 0.85950 0.86020 0.86130 0.85790 0.85760 0.85780 0.85550 0.85340 0.85490 0.85090 0.85450 0.85230 0.85240 0.85310 0.85380 0.85240 0.85270 0.85260 0.85330 0.85100 0.85240 0.85140 0.85170 0.85190 
TASK          G_EPOCH_NUM CLIENT_NUM L_DATA_NUM L_EPOCH_NUM L_BATCH_SIZE L_LR SIGMA
FashionMNIST          300          4       6000           5           10 0.0025    -1
0.63230 0.67650 0.69190 0.70150 0.70400 0.72090 0.79780 0.79780 0.79720 0.79770 0.79730 0.79440 0.79550 0.79480 0.79520 0.79170 0.79510 0.79120 0.79250 0.79130 0.79030 0.79210 0.78910 0.79100 0.79170 0.79080 0.79180 0.79080 0.79010 0.79090 
TASK          G_EPOCH_NUM CLIENT_NUM L_DATA_NUM L_EPOCH_NUM L_BATCH_SIZE L_LR SIGMA
FashionMNIST          300          5       6000           5           10 0.0025    -1
0.66030 0.71690 0.83510 0.85240 0.85710 0.86440 0.86910 0.86890 0.87010 0.86870 0.87140 0.87110 0.87000 0.87150 0.86970 0.86920 0.87010 0.86830 0.86860 0.86940 0.86860 0.86900 0.86750 0.86930 0.86850 0.86820 0.86860 0.86830 0.86810 0.86840 
TASK          G_EPOCH_NUM CLIENT_NUM L_DATA_NUM L_EPOCH_NUM L_BATCH_SIZE L_LR SIGMA
FashionMNIST          300          6       6000           5           10 0.0025    -1
0.61650 0.65230 0.67350 0.68780 0.69580 0.69890 0.70270 0.70280 0.70470 0.70520 0.70610 0.70700 0.70670 0.70240 0.70560 0.70390 0.70510 0.70360 0.70340 0.77170 0.77250 0.77230 0.77250 0.77000 0.77030 0.76870 0.77020 0.76940 0.77040 0.77010 
TASK          G_EPOCH_NUM CLIENT_NUM L_DATA_NUM L_EPOCH_NUM L_BATCH_SIZE L_LR SIGMA
FashionMNIST          300          7       6000           5           10 0.0025    -1
0.60410 0.70810 0.73740 0.75150 0.75510 0.76470 0.76970 0.76840 0.77470 0.77700 0.77440 0.77600 0.77690 0.77730 0.77930 0.77960 0.77860 0.77790 0.77880 0.77760 0.77920 0.77610 0.77730 0.77730 0.77710 0.77420 0.77690 0.77720 0.77390 0.77520 
TASK          G_EPOCH_NUM CLIENT_NUM L_DATA_NUM L_EPOCH_NUM L_BATCH_SIZE L_LR SIGMA
FashionMNIST          300          3       6000           5           10 0.001    -1
0.46730 0.63010 0.64880 0.66090 0.66790 0.67740 0.68060 0.68600 0.68740 0.68780 0.68660 0.68790 0.69450 0.69220 0.69370 0.69320 0.69310 0.69590 0.69170 0.69210 0.69190 0.69540 0.69310 0.69460 0.69540 0.69130 0.69130 0.69220 0.69210 0.68950 
TASK          G_EPOCH_NUM CLIENT_NUM L_DATA_NUM L_EPOCH_NUM L_BATCH_SIZE L_LR SIGMA
FashionMNIST          300          4       6000           5           10 0.001    -1
0.39180 0.41840 0.42830 0.43270 0.43600 0.43810 0.43910 0.43890 0.44260 0.44400 0.44340 0.44340 0.44440 0.44690 0.51750 0.52130 0.52250 0.52220 0.52090 0.52140 0.52270 0.52080 0.52350 0.52260 0.52090 0.52080 0.52150 0.52040 0.52000 0.51980 
TASK          G_EPOCH_NUM CLIENT_NUM L_DATA_NUM L_EPOCH_NUM L_BATCH_SIZE L_LR SIGMA
FashionMNIST          300          5       6000           5           10 0.001    -1
0.52420 0.65080 0.67340 0.68660 0.69570 0.70330 0.70580 0.70780 0.71420 0.71620 0.71630 0.72010 0.72170 0.71930 0.72220 0.76390 0.76680 0.76750 0.86380 0.86580 0.86540 0.86570 0.86850 0.86880 0.86750 0.87090 0.86910 0.86620 0.86510 0.86580 
TASK          G_EPOCH_NUM CLIENT_NUM L_DATA_NUM L_EPOCH_NUM L_BATCH_SIZE L_LR SIGMA
FashionMNIST          300          6       6000           5           10 0.001    -1
0.72100 0.76060 0.79680 0.81480 0.82590 0.83590 0.84040 0.84620 0.84890 0.85150 0.85690 0.85690 0.85850 0.86050 0.86180 0.86100 0.86480 0.86510 0.86330 0.86550 0.86170 0.86630 0.86790 0.86790 0.86760 0.86700 0.86760 0.86750 0.86950 0.87100 
TASK          G_EPOCH_NUM CLIENT_NUM L_DATA_NUM L_EPOCH_NUM L_BATCH_SIZE L_LR SIGMA
FashionMNIST          300          7       6000           5           10 0.001    -1
0.66960 0.72510 0.73990 0.75360 0.76620 0.77350 0.82580 0.83480 0.83800 0.84570 0.84930 0.85100 0.85620 0.85700 0.85890 0.86280 0.86390 0.86550 0.86640 0.86760 0.86780 0.86900 0.87000 0.87110 0.87110 0.87150 0.87100 0.87280 0.87180 0.87270 
TASK          G_EPOCH_NUM CLIENT_NUM L_DATA_NUM L_EPOCH_NUM L_BATCH_SIZE L_LR SIGMA
FashionMNIST          300          3       6000           5           10 0.0001    -1
0.10140 0.18320 TASK          G_EPOCH_NUM CLIENT_NUM L_DATA_NUM L_EPOCH_NUM L_BATCH_SIZE L_LR SIGMA
FashionMNIST          300          3       6000           5           50 0.0001    -1
0.09240 0.10310 0.11920 0.13750 0.15590 0.17160 0.18140 0.18850 0.19370 0.20340 0.22230 0.23360 0.24270 0.25480 0.26440 0.27020 0.27510 0.27860 0.28120 0.28410 0.28790 0.29190 0.30230 0.31810 0.31080 0.30740 0.31300 0.32900 0.35960 0.42530 
TASK          G_EPOCH_NUM CLIENT_NUM L_DATA_NUM L_EPOCH_NUM L_BATCH_SIZE L_LR SIGMA
FashionMNIST          300          4       6000           5           50 0.0001    -1
0.10000 0.10000 0.10000 0.10010 0.10020 0.10120 0.10330 0.10720 0.11380 0.12140 0.13010 0.13930 0.14900 0.15770 0.16530 TASK          G_EPOCH_NUM CLIENT_NUM L_DATA_NUM L_EPOCH_NUM L_BATCH_SIZE L_LR SIGMA
FashionMNIST          300          3       6000           5           50 0.001    -1
0.19860 0.30460 0.49160 0.58410 0.61480 0.63770 0.64590 0.65330 0.66470 0.66920 0.67670 0.67960 0.67990 0.68660 0.69800 0.69940 0.70290 0.70770 0.71060 0.70910 0.71270 0.71600 0.72520 0.72210 0.72380 0.72970 0.73170 0.73590 0.73510 0.74010 
TASK          G_EPOCH_NUM CLIENT_NUM L_DATA_NUM L_EPOCH_NUM L_BATCH_SIZE L_LR SIGMA
FashionMNIST          300          4       6000           5           50 0.001    -1
0.25360 0.40680 TASK          G_EPOCH_NUM CLIENT_NUM L_DATA_NUM L_EPOCH_NUM L_BATCH_SIZE L_LR SIGMA
FashionMNIST          300          3       6000           5           50 0.0015    -1
0.35610 TASK          G_EPOCH_NUM CLIENT_NUM L_DATA_NUM L_EPOCH_NUM L_BATCH_SIZE L_LR SIGMA
FashionMNIST          300          3       6000           5           50 0.0015    -1
0.26310 0.46930 0.54470 0.57210 0.58350 0.59010 0.59300 0.59690 0.59910 0.60390 0.60350 0.60510 0.60710 0.60940 0.61020 0.61200 0.61230 0.61240 0.61330 0.61490 0.61630 0.61710 0.61670 0.61880 0.61630 0.61970 0.61970 0.61980 0.62080 0.61930 
TASK          G_EPOCH_NUM CLIENT_NUM L_DATA_NUM L_EPOCH_NUM L_BATCH_SIZE L_LR SIGMA
FashionMNIST          300          4       6000           5           50 0.0015    -1
0.32190 0.53450 0.62470 0.72800 0.74030 0.74880 0.75730 0.76290 0.76540 0.77290 0.77680 0.78080 0.78260 0.78580 0.78700 0.78630 0.78800 0.79030 0.79110 0.79240 0.78950 0.79360 0.79590 0.79100 0.79920 0.79830 0.79840 0.80090 0.80240 0.80250 
TASK          G_EPOCH_NUM CLIENT_NUM L_DATA_NUM L_EPOCH_NUM L_BATCH_SIZE L_LR SIGMA
FashionMNIST          300          5       6000           5           50 0.0015    -1
0.19510 0.21890 0.28920 0.34950 0.36630 0.38890 0.40930 0.42180 0.42920 0.43420 0.44250 0.44770 0.44980 0.54050 0.54380 0.55040 0.55310 0.55500 0.55410 0.56180 0.56420 0.56800 0.57190 0.57400 0.57610 0.57880 0.58070 0.58130 0.58230 0.58390 
TASK          G_EPOCH_NUM CLIENT_NUM L_DATA_NUM L_EPOCH_NUM L_BATCH_SIZE L_LR SIGMA
FashionMNIST          300          6       6000           5           50 0.0015    -1
0.22980 0.35220 0.42150 0.46180 0.58170 0.59980 0.62380 0.64790 0.65890 0.67690 0.68040 0.68900 0.69130 0.69000 0.69860 0.70240 0.70590 0.70580 0.70780 0.78150 0.78980 0.79420 0.79810 0.80100 0.80300 0.80420 0.80610 0.80470 0.80900 0.81190 
TASK          G_EPOCH_NUM CLIENT_NUM L_DATA_NUM L_EPOCH_NUM L_BATCH_SIZE L_LR SIGMA
FashionMNIST          300          7       6000           5           50 0.0015    -1
0.17550 0.27490 0.31400 0.47700 0.51050 0.52560 0.53900 0.55110 0.55710 0.56930 0.57580 0.58050 0.58660 0.59090 0.59510 0.60640 0.64140 0.64680 0.65050 0.74490 0.74790 0.75240 0.75370 0.75650 0.75720 0.76170 0.76230 0.75870 0.76070 0.76580 
