TASK          G_EPOCH_NUM CLIENT_NUM L_DATA_NUM L_EPOCH_NUM L_BATCH_SIZE L_LR SIGMA
FashionMNIST          500          3       6000           5           10 0.005    -1
0.74430 0.77470 0.85060 0.87240 0.87350 0.87350 0.87530 0.87610 0.87680 0.87290 0.87600 0.87480 0.87690 0.87570 0.87600 0.87690 0.87820 0.87650 0.87930 0.88010 0.87940 0.87660 0.88060 0.87820 0.87550 0.87910 0.87670 0.88010 0.88030 0.88140 0.88070 0.88080 0.88140 0.88050 0.88060 0.88270 0.88050 0.88300 0.88210 0.88430 0.88020 0.88440 0.88120 0.88410 0.88500 0.88300 0.88370 0.88260 0.88310 0.87540 
TASK          G_EPOCH_NUM CLIENT_NUM L_DATA_NUM L_EPOCH_NUM L_BATCH_SIZE L_LR SIGMA
FashionMNIST          500          4       6000           5           10 0.005    -1
0.76230 0.86170 0.88150 0.88750 0.88620 0.88770 0.88450 0.88690 0.88650 0.88680 0.88670 0.88510 0.88530 0.88370 0.88310 0.88410 0.88380 0.88490 0.88380 0.88460 0.88360 0.88140 0.88400 0.88460 0.88340 0.88260 0.88340 0.88270 0.88570 0.88430 0.88430 0.88360 0.88400 0.88320 0.88490 0.88370 0.88120 0.88530 0.88440 0.88500 0.88480 0.88360 0.88610 0.88390 0.88500 0.88420 0.88370 0.88340 0.88410 0.88440 
TASK          G_EPOCH_NUM CLIENT_NUM L_DATA_NUM L_EPOCH_NUM L_BATCH_SIZE L_LR SIGMA
FashionMNIST          500          5       6000           5           10 0.005    -1
0.86080 0.88230 0.89080 0.89200 0.89100 0.89350 0.89540 0.89040 0.88840 0.88930 0.89040 0.89100 0.89050 0.89060 0.89050 0.88940 0.89110 0.89060 0.89100 0.88960 0.89070 0.89060 0.89160 0.89120 0.89090 0.89070 0.89000 0.88870 0.88860 0.89000 0.89050 0.88900 0.89030 0.89100 0.88970 0.89180 0.89060 0.89080 0.88990 0.89030 0.89090 0.89060 0.89050 0.89170 0.88970 0.88960 0.89070 0.89070 0.88950 0.89060 
TASK          G_EPOCH_NUM CLIENT_NUM L_DATA_NUM L_EPOCH_NUM L_BATCH_SIZE L_LR SIGMA
FashionMNIST          500          6       6000           5           10 0.005    -1
0.87740 0.89310 0.89950 0.90060 0.90000 0.90080 0.90040 0.90020 0.89790 0.89870 0.89790 0.89700 0.89830 0.89700 0.89730 0.89740 0.89650 0.89580 0.89570 0.89710 0.89570 0.89510 0.89700 0.89610 0.89590 0.89540 0.89630 0.89620 0.89620 0.89570 0.89550 0.89520 0.89490 0.89440 0.89630 0.89370 0.89360 0.89430 0.89310 0.89340 0.89370 0.89300 0.89300 0.89340 0.89390 0.89390 0.89360 0.89280 0.89260 0.89350 
