TASK          G_EPOCH_NUM CLIENT_NUM L_DATA_NUM L_EPOCH_NUM L_BATCH_SIZE L_LR SIGMA
FashionMNIST          500          3       6000           5           10 0.005    -1
0.04596 0.04429 0.04502 0.05191 0.06086 0.07156 0.08544 0.09194 0.09706 0.10352 0.10675 0.11097 0.11532 0.11543 0.12075 0.12197 0.12310 0.12582 0.12609 0.12853 0.12732 0.13139 0.13088 0.13089 0.13467 0.13509 0.13665 0.13832 0.13830 0.13803 0.13977 0.13811 0.13886 0.14298 0.14446 0.14785 0.14672 0.14449 0.14272 0.14403 0.14603 0.14721 0.14715 0.14874 0.14905 0.14969 0.14710 0.14705 0.14758 0.15153 
TASK          G_EPOCH_NUM CLIENT_NUM L_DATA_NUM L_EPOCH_NUM L_BATCH_SIZE L_LR SIGMA
FashionMNIST          500          4       6000           5           10 0.005    -1
0.04148 0.03708 0.03579 0.03880 0.04271 0.04916 0.05801 0.06541 0.07224 0.07602 0.08231 0.08780 0.09209 0.09478 0.09872 0.10118 0.10438 0.10724 0.11188 0.11294 0.11263 0.11724 0.11758 0.11733 0.12173 0.12147 0.12219 0.12491 0.12579 0.12582 0.12817 0.12930 0.13087 0.13080 0.13106 0.13427 0.13091 0.13365 0.13338 0.13539 0.13633 0.13700 0.13722 0.13908 0.13790 0.14107 0.13788 0.14080 0.14023 0.14194 
TASK          G_EPOCH_NUM CLIENT_NUM L_DATA_NUM L_EPOCH_NUM L_BATCH_SIZE L_LR SIGMA
FashionMNIST          500          5       6000           5           10 0.005    -1
0.03828 0.03482 0.03213 0.03520 0.03803 0.04257 0.04786 0.05487 0.06042 0.06423 0.06895 0.07473 0.07739 0.08123 0.08554 0.08767 0.09095 0.09373 0.09633 0.10007 0.10114 0.10416 0.10634 0.10857 0.10906 0.11241 0.11380 0.11593 0.11696 0.11847 0.11992 0.12102 0.12252 0.12405 0.12644 0.12667 0.12660 0.12843 0.13064 0.13115 0.13086 0.13154 0.13337 0.13592 0.13334 0.13450 0.13584 0.13634 0.13633 0.13918 
TASK          G_EPOCH_NUM CLIENT_NUM L_DATA_NUM L_EPOCH_NUM L_BATCH_SIZE L_LR SIGMA
FashionMNIST          500          6       6000           5           10 0.005    -1
0.03485 0.03101 0.02987 0.03079 0.03223 0.03459 0.03796 0.04118 0.04561 0.04928 0.05325 0.05740 0.06083 0.06431 0.06791 0.07083 0.07378 0.07588 0.07862 0.08074 0.08281 0.08514 0.08668 0.08872 0.09046 0.09246 0.09425 0.09492 0.09595 0.09740 0.09936 0.10067 0.10220 0.10344 0.10380 0.10472 0.10663 0.10752 0.10778 0.10896 0.10933 0.11015 0.11142 0.11158 0.11214 0.11390 0.11444 0.11520 0.11701 0.11734 
TASK          G_EPOCH_NUM CLIENT_NUM L_DATA_NUM L_EPOCH_NUM L_BATCH_SIZE L_LR SIGMA
FashionMNIST          500          3       6000           5           10 0.005    -1
TASK          G_EPOCH_NUM CLIENT_NUM L_DATA_NUM L_EPOCH_NUM L_BATCH_SIZE L_LR SIGMA
FashionMNIST          500          3       6000           5           10 0.005    -1
0.03901 0.03767 0.03994 0.04496 0.05423 0.06444 0.07442 0.08377 0.09115 0.09694 0.10209 0.10524 0.10992 0.11127 0.11454 0.11820 0.12156 0.11896 0.12434 0.12771 0.13032 0.12856 0.12756 0.13032 0.13307 0.13526 0.13720 0.13891 0.14051 0.14192 0.14324 0.14074 0.14342 0.14505 0.14636 0.14753 0.14862 0.14968 0.15067 0.15159 0.15245 0.15333 0.15410 0.15487 0.15566 0.15638 0.15709 0.15779 0.15844 0.15909 
TASK          G_EPOCH_NUM CLIENT_NUM L_DATA_NUM L_EPOCH_NUM L_BATCH_SIZE L_LR SIGMA
FashionMNIST          500          4       6000           5           10 0.005    -1
0.06280 0.03583 0.03477 0.03588 0.04000 0.04552 0.05032 0.05738 0.06393 0.06992 0.07621 0.08059 0.08533 0.08838 0.09099 0.09392 0.09810 0.09937 0.10201 0.10301 0.10545 0.10657 0.10808 0.10862 0.11108 0.11154 0.11338 0.11388 0.11586 0.11639 0.11629 0.11884 0.11917 0.12210 0.12265 0.12257 0.12494 0.12670 0.12809 0.12221 0.12634 0.12349 0.12640 0.12823 0.12984 0.13099 0.13210 0.12797 0.12821 0.13084 
TASK          G_EPOCH_NUM CLIENT_NUM L_DATA_NUM L_EPOCH_NUM L_BATCH_SIZE L_LR SIGMA
FashionMNIST          500          5       6000           5           10 0.005    -1
0.05919 0.03502 0.03314 0.03330 0.03536 0.03899 0.04329 0.04920 0.05491 0.06005 0.06584 0.07010 0.07467 0.07909 0.08184 0.08508 0.08866 0.09107 0.09353 0.09569 0.09802 0.10095 0.10201 0.10430 0.10493 0.10595 0.10820 0.11023 0.11085 0.11195 0.11381 0.11539 0.11618 0.11524 0.11705 0.11913 0.11976 0.12176 0.12132 0.12413 0.12274 0.12418 0.12641 0.12602 0.12806 0.12727 0.12468 0.12551 0.12829 0.12876 
TASK          G_EPOCH_NUM CLIENT_NUM L_DATA_NUM L_EPOCH_NUM L_BATCH_SIZE L_LR SIGMA
FashionMNIST          500          6       6000           5           10 0.005    -1
0.03878 0.03377 0.03250 0.03342 0.03549 0.03944 0.04318 0.04793 0.05305 0.05773 0.06245 0.06680 0.07046 0.07450 0.07686 0.07972 0.08235 0.08456 0.08745 0.08960 0.09179 0.09301 0.09552 0.09745 0.09862 0.10123 0.10167 0.10386 0.10466 0.10642 0.10767 0.10862 0.10941 0.11083 0.11127 0.11290 0.11453 0.11479 0.11484 0.11661 0.11759 0.11855 0.11882 0.11880 0.12037 0.12141 0.12027 0.12214 0.12362 0.12535 
TASK          G_EPOCH_NUM CLIENT_NUM L_DATA_NUM L_EPOCH_NUM L_BATCH_SIZE L_LR SIGMA
FashionMNIST          500          7       6000           5           10 0.005    -1
0.06111 0.05663 0.05477 0.05433 0.03248 0.03313 0.03488 0.03694 0.04009 0.04237 0.04572 0.04895 0.05282 0.05612 0.05957 0.06281 0.06546 0.06872 0.07143 0.07344 0.07568 0.07794 0.07993 0.08192 0.08419 0.08599 0.08757 0.08955 0.09122 0.09306 0.09437 0.09505 0.09691 0.09887 0.10002 0.10064 0.10259 0.10426 0.10512 0.10617 0.10761 0.10831 0.10962 0.10980 0.11097 0.11308 0.11271 0.11353 0.11333 0.11499 
TASK          G_EPOCH_NUM CLIENT_NUM L_DATA_NUM L_EPOCH_NUM L_BATCH_SIZE L_LR SIGMA
FashionMNIST          500          3       6000           5           10 0.0025    -1
0.10454 0.07677 0.07055 0.06727 0.06651 0.06839 TASK          G_EPOCH_NUM CLIENT_NUM L_DATA_NUM L_EPOCH_NUM L_BATCH_SIZE L_LR SIGMA
FashionMNIST          300          3       6000           5           10 0.0025    -1
0.15760 0.15178 0.14892 0.14647 0.14626 0.14467 0.14384 0.14371 0.14416 0.14596 0.14730 0.14553 0.14747 0.14907 0.15066 0.15121 0.15200 0.15475 0.15646 0.15828 0.15812 0.16139 0.16042 0.16184 0.16514 0.16418 0.16726 0.16851 0.16870 0.16943 
TASK          G_EPOCH_NUM CLIENT_NUM L_DATA_NUM L_EPOCH_NUM L_BATCH_SIZE L_LR SIGMA
FashionMNIST          300          4       6000           5           10 0.0025    -1
0.17295 0.16833 0.16526 0.16297 0.16086 0.12335 0.10652 0.10504 0.08594 0.07560 0.06478 0.06543 0.06599 0.06816 0.07050 0.07332 0.07584 0.07822 0.08286 0.08598 0.09011 0.09281 0.09676 0.09964 0.10209 0.10435 0.10761 0.10939 0.11130 0.11338 
TASK          G_EPOCH_NUM CLIENT_NUM L_DATA_NUM L_EPOCH_NUM L_BATCH_SIZE L_LR SIGMA
FashionMNIST          300          5       6000           5           10 0.0025    -1
0.06544 0.05339 0.04795 0.04478 0.04324 0.04185 0.04165 0.04231 0.04304 0.04347 0.04611 0.04820 0.04971 0.05224 0.05560 0.05767 0.06169 0.06495 0.06799 0.07120 0.07538 0.07764 0.08026 0.08422 0.08761 0.08976 0.09246 0.09512 0.09701 0.09874 
TASK          G_EPOCH_NUM CLIENT_NUM L_DATA_NUM L_EPOCH_NUM L_BATCH_SIZE L_LR SIGMA
FashionMNIST          300          6       6000           5           10 0.0025    -1
0.12399 0.11359 0.10859 0.10567 0.10405 0.10271 0.10204 0.10160 0.10166 0.08235 0.08259 0.08352 0.08464 0.08593 0.08700 0.08914 0.09112 0.09335 0.09546 0.09838 0.09989 0.10184 0.10443 0.10651 0.10895 0.11024 0.11212 0.11374 0.11522 0.11691 
TASK          G_EPOCH_NUM CLIENT_NUM L_DATA_NUM L_EPOCH_NUM L_BATCH_SIZE L_LR SIGMA
FashionMNIST          300          7       6000           5           10 0.0025    -1
0.10451 0.07229 0.06645 0.06336 0.04204 0.04043 0.03946 0.03967 0.03897 0.03896 0.03987 0.04057 0.04185 0.04298 0.04455 0.04609 0.04821 0.05004 0.05215 0.05406 0.05637 0.05845 0.06106 0.06326 0.06597 0.06819 0.07049 0.07230 0.07456 0.07678 
TASK          G_EPOCH_NUM CLIENT_NUM L_DATA_NUM L_EPOCH_NUM L_BATCH_SIZE L_LR SIGMA
FashionMNIST          300          3       6000           5           10 0.001    -1
0.12167 0.08854 0.08085 0.07755 0.07302 0.07069 0.06994 0.06787 0.06652 0.06580 0.06823 0.06580 0.06510 0.06515 0.04658 0.04759 0.04716 0.04764 0.04798 0.04895 0.04967 0.05147 0.05263 0.05287 0.05595 0.05572 0.05871 0.06079 0.06107 0.06221 
TASK          G_EPOCH_NUM CLIENT_NUM L_DATA_NUM L_EPOCH_NUM L_BATCH_SIZE L_LR SIGMA
FashionMNIST          300          4       6000           5           10 0.001    -1
0.15462 0.12371 0.11381 0.10474 0.09998 0.09706 0.09464 0.09247 0.09115 0.08960 0.08844 0.08785 0.08743 0.08683 0.08695 0.08609 0.08641 0.08664 0.08677 0.08651 0.08653 0.08684 0.08866 0.08749 0.08784 0.08863 0.08980 0.08938 0.09000 0.07347 
TASK          G_EPOCH_NUM CLIENT_NUM L_DATA_NUM L_EPOCH_NUM L_BATCH_SIZE L_LR SIGMA
FashionMNIST          300          5       6000           5           10 0.001    -1
0.07784 0.06813 0.06157 0.05712 0.05318 0.05024 0.04779 0.04585 0.04433 0.04339 0.04238 0.04173 0.04151 0.04085 0.04081 0.04064 0.04019 0.04049 0.04008 0.04038 0.04085 0.04079 0.04202 0.04209 0.04266 0.04356 0.04418 0.04511 0.04599 0.04685 
TASK          G_EPOCH_NUM CLIENT_NUM L_DATA_NUM L_EPOCH_NUM L_BATCH_SIZE L_LR SIGMA
FashionMNIST          300          6       6000           5           10 0.001    -1
0.08064 0.06658 0.05935 0.05368 0.05037 0.04722 0.04504 0.04331 0.04176 0.04124 0.04001 0.03977 0.03887 0.03846 0.03825 0.03839 0.03780 0.03807 0.03790 0.03857 0.03857 0.03872 0.03915 0.03968 0.04023 0.04079 0.04110 0.04211 0.04252 0.04323 
TASK          G_EPOCH_NUM CLIENT_NUM L_DATA_NUM L_EPOCH_NUM L_BATCH_SIZE L_LR SIGMA
FashionMNIST          300          7       6000           5           10 0.001    -1
0.09720 0.06729 0.06144 0.05580 0.05184 0.04864 0.04619 0.04440 0.04280 0.04177 0.04043 0.03962 0.03926 0.03843 0.03855 0.03784 0.03746 0.03725 0.03723 0.03733 0.03762 0.03748 0.03775 0.03786 0.03865 0.03847 0.03884 0.03935 0.03965 0.04032 
TASK          G_EPOCH_NUM CLIENT_NUM L_DATA_NUM L_EPOCH_NUM L_BATCH_SIZE L_LR SIGMA
FashionMNIST          300          3       6000           5           10 0.0001    -1
0.22707 0.21953 TASK          G_EPOCH_NUM CLIENT_NUM L_DATA_NUM L_EPOCH_NUM L_BATCH_SIZE L_LR SIGMA
FashionMNIST          300          3       6000           5           50 0.0001    -1
0.04599 0.04594 0.04589 0.04583 0.04578 0.04570 0.04559 0.04548 0.04535 0.04519 0.04499 0.04474 0.04442 0.04400 0.04345 0.04264 0.04154 0.04011 0.03842 0.03666 0.03513 0.03389 0.03288 0.03203 0.03130 0.02943 0.02765 0.02604 0.02492 0.02413 
TASK          G_EPOCH_NUM CLIENT_NUM L_DATA_NUM L_EPOCH_NUM L_BATCH_SIZE L_LR SIGMA
FashionMNIST          300          4       6000           5           50 0.0001    -1
0.04602 0.04598 0.04595 0.04592 0.04588 0.04584 0.04579 0.04574 0.04567 0.04561 0.04553 0.04544 0.04534 0.04521 0.04507 0.04490 TASK          G_EPOCH_NUM CLIENT_NUM L_DATA_NUM L_EPOCH_NUM L_BATCH_SIZE L_LR SIGMA
FashionMNIST          300          3       6000           5           50 0.001    -1
0.04600 0.04594 0.04583 0.04552 0.04482 0.04327 0.03828 0.03687 0.03625 0.03585 0.03398 0.03194 0.03084 0.03016 0.02967 0.02938 0.02919 0.02900 0.02881 0.02862 0.02850 0.02832 0.02821 0.02808 0.02796 0.02787 0.02780 0.02768 0.02756 0.02749 
TASK          G_EPOCH_NUM CLIENT_NUM L_DATA_NUM L_EPOCH_NUM L_BATCH_SIZE L_LR SIGMA
FashionMNIST          300          4       6000           5           50 0.001    -1
0.04598 0.04587 TASK          G_EPOCH_NUM CLIENT_NUM L_DATA_NUM L_EPOCH_NUM L_BATCH_SIZE L_LR SIGMA
FashionMNIST          300          3       6000           5           50 0.0015    -1
0.04425 TASK          G_EPOCH_NUM CLIENT_NUM L_DATA_NUM L_EPOCH_NUM L_BATCH_SIZE L_LR SIGMA
FashionMNIST          300          3       6000           5           50 0.0015    -1
0.04549 0.04057 0.03560 0.02943 0.02823 0.02581 0.02442 0.02382 0.02340 0.02311 0.02298 0.02270 0.02248 0.02230 0.02219 0.02209 0.02187 0.02174 0.02161 0.02151 0.02139 0.02136 0.02122 0.02127 0.02109 0.02104 0.02123 0.02095 0.02086 0.02082 
TASK          G_EPOCH_NUM CLIENT_NUM L_DATA_NUM L_EPOCH_NUM L_BATCH_SIZE L_LR SIGMA
FashionMNIST          300          4       6000           5           50 0.0015    -1
0.04488 0.03637 0.03129 0.02570 0.02431 0.02322 0.02231 0.02167 0.02113 0.02067 0.02032 0.02001 0.01972 0.01945 0.01917 0.01903 0.01879 0.01863 0.01848 0.01838 0.01827 0.01824 0.01808 0.01800 0.01789 0.01782 0.01779 0.01769 0.01768 0.01755 
TASK          G_EPOCH_NUM CLIENT_NUM L_DATA_NUM L_EPOCH_NUM L_BATCH_SIZE L_LR SIGMA
FashionMNIST          300          5       6000           5           50 0.0015    -1
0.04281 0.03209 0.02955 0.02810 0.02709 0.02636 0.02587 0.02542 0.02505 0.02469 0.02423 0.02056 0.02003 0.01973 0.01946 0.01921 0.01901 0.01881 0.01869 0.01851 0.01839 0.01830 0.01816 0.01806 0.01795 0.01788 0.01778 0.01784 0.01765 0.01758 
TASK          G_EPOCH_NUM CLIENT_NUM L_DATA_NUM L_EPOCH_NUM L_BATCH_SIZE L_LR SIGMA
FashionMNIST          300          6       6000           5           50 0.0015    -1
0.04599 0.04590 0.04568 0.04413 0.03565 0.03205 0.02839 0.02689 0.02618 0.02572 0.02538 0.02518 0.02486 0.02462 0.02439 0.02421 0.02397 0.02379 0.02355 0.02342 0.02316 0.02299 0.01989 0.01929 0.01897 0.01876 0.01855 0.01839 0.01822 0.01811 
TASK          G_EPOCH_NUM CLIENT_NUM L_DATA_NUM L_EPOCH_NUM L_BATCH_SIZE L_LR SIGMA
FashionMNIST          300          7       6000           5           50 0.0015    -1
0.04569 0.04222 0.02628 0.02100 0.01955 0.01875 0.01813 0.01756 0.01705 0.01656 0.01620 0.01587 0.01555 0.01530 0.01505 0.01482 0.01458 0.01440 0.01426 0.01404 0.01391 0.01376 0.01366 0.01356 0.01341 0.01332 0.01320 0.01315 0.01317 0.01295 
