TASK          G_EPOCH_NUM CLIENT_NUM L_DATA_NUM L_EPOCH_NUM L_BATCH_SIZE L_LR SIGMA
FashionMNIST          500          3       6000           5           10 0.005    -1
0.83230 0.85520 0.86200 0.86630 0.86880 0.86970 0.86820 0.86860 0.87210 0.87100 0.87270 0.87260 0.87350 0.87670 0.87330 0.87400 0.87350 0.87550 0.87780 0.87750 0.87840 0.87590 0.87850 0.87890 0.87670 0.87680 0.87710 0.87580 0.87580 0.87870 0.87590 0.87920 0.88020 0.87950 0.87950 0.87770 0.87930 0.87980 0.87960 0.88140 0.88110 0.88140 0.88070 0.87930 0.88070 0.88290 0.88010 0.88250 0.88350 0.88140 
TASK          G_EPOCH_NUM CLIENT_NUM L_DATA_NUM L_EPOCH_NUM L_BATCH_SIZE L_LR SIGMA
FashionMNIST          500          4       6000           5           10 0.005    -1
0.84450 0.86500 0.87970 0.88100 0.88200 0.88380 0.87620 0.87820 0.87830 0.88060 0.87900 0.87950 0.87970 0.87970 0.87960 0.88050 0.87910 0.87920 0.87940 0.87980 0.88110 0.87980 0.87860 0.88160 0.88060 0.88040 0.88120 0.88120 0.88140 0.88270 0.88130 0.88210 0.88020 0.88100 0.88140 0.87980 0.88270 0.88190 0.88220 0.88160 0.88270 0.88310 0.88100 0.87780 0.88270 0.88050 0.88290 0.88080 0.88300 0.88110 
TASK          G_EPOCH_NUM CLIENT_NUM L_DATA_NUM L_EPOCH_NUM L_BATCH_SIZE L_LR SIGMA
FashionMNIST          500          5       6000           5           10 0.005    -1
0.85610 0.87190 0.88890 0.88840 0.89240 0.89160 0.89110 0.88510 0.88520 0.88680 0.88680 0.88450 0.88540 0.88690 0.88640 0.88640 0.88770 0.88670 0.88670 0.88440 0.88590 0.88520 0.88650 0.88650 0.88570 0.88680 0.88470 0.88690 0.88580 0.88630 0.88540 0.88610 0.88600 0.88470 0.88580 0.88590 0.88680 0.88580 0.88610 0.88450 0.88630 0.88690 0.88560 0.88720 0.88730 0.88780 0.88740 0.88530 0.88780 0.88480 
TASK          G_EPOCH_NUM CLIENT_NUM L_DATA_NUM L_EPOCH_NUM L_BATCH_SIZE L_LR SIGMA
FashionMNIST          500          6       6000           5           10 0.005    -1
0.87700 0.89140 0.89650 0.90100 0.90200 0.90200 0.90120 0.90180 0.90160 0.89940 0.89960 0.90060 0.89970 0.89930 0.89960 0.89920 0.89940 0.89850 0.90080 0.89830 0.89950 0.89840 0.89960 0.89850 0.89830 0.89890 0.89810 0.89630 0.89780 0.89690 0.89640 0.89740 0.89750 0.89570 0.89560 0.89710 0.89510 0.89490 0.89490 0.89550 0.89620 0.89420 0.89660 0.89530 0.89630 0.89700 0.89620 0.89550 0.89650 0.89530 
TASK          G_EPOCH_NUM CLIENT_NUM L_DATA_NUM L_EPOCH_NUM L_BATCH_SIZE L_LR SIGMA
FashionMNIST          500          3       6000           5           10 0.005    -1
TASK          G_EPOCH_NUM CLIENT_NUM L_DATA_NUM L_EPOCH_NUM L_BATCH_SIZE L_LR SIGMA
FashionMNIST          500          3       6000           5           10 0.005    -1
0.86410 0.87030 0.87700 0.87680 0.87950 0.87830 0.87990 0.87800 0.87840 0.87770 0.87920 0.87690 0.87850 0.87690 0.87830 0.87700 0.87810 0.87740 0.87700 0.87680 0.87660 0.87840 0.87660 0.87710 0.87760 0.87690 0.87730 0.87710 0.87710 0.87680 0.87710 0.87610 0.87600 0.87550 0.87560 0.87590 0.87600 0.87610 0.87590 0.87600 0.87600 0.87550 0.87600 0.87590 0.87580 0.87570 0.87580 0.87590 0.87550 0.87550 
TASK          G_EPOCH_NUM CLIENT_NUM L_DATA_NUM L_EPOCH_NUM L_BATCH_SIZE L_LR SIGMA
FashionMNIST          500          4       6000           5           10 0.005    -1
0.78930 0.87380 0.88420 0.88620 0.88370 0.88360 0.88530 0.88440 0.88410 0.88450 0.88360 0.88300 0.88240 0.88290 0.88220 0.88250 0.88050 0.88110 0.88080 0.88140 0.88210 0.88260 0.88150 0.88220 0.88050 0.88240 0.88190 0.88280 0.88370 0.88320 0.88260 0.88230 0.88160 0.88310 0.88310 0.88180 0.88170 0.88240 0.88270 0.88200 0.88170 0.88260 0.88250 0.88340 0.88250 0.88260 0.88240 0.88210 0.88150 0.88200 
TASK          G_EPOCH_NUM CLIENT_NUM L_DATA_NUM L_EPOCH_NUM L_BATCH_SIZE L_LR SIGMA
FashionMNIST          500          5       6000           5           10 0.005    -1
0.79900 0.87780 0.88940 0.89060 0.89270 0.89060 0.89170 0.88890 0.89100 0.88970 0.88960 0.88930 0.88890 0.88820 0.88790 0.88860 0.88780 0.88700 0.88800 0.88720 0.88820 0.88700 0.88710 0.88650 0.88760 0.88730 0.88640 0.88750 0.88870 0.88680 0.88770 0.88700 0.88700 0.88650 0.88610 0.88630 0.88630 0.88650 0.88680 0.88680 0.88790 0.88760 0.88650 0.88630 0.88680 0.88660 0.88560 0.88720 0.88790 0.88700 
TASK          G_EPOCH_NUM CLIENT_NUM L_DATA_NUM L_EPOCH_NUM L_BATCH_SIZE L_LR SIGMA
FashionMNIST          500          6       6000           5           10 0.005    -1
0.86440 0.88340 0.89020 0.89190 0.89300 0.89300 0.89290 0.89160 0.88920 0.88980 0.88860 0.88910 0.88840 0.88780 0.88890 0.88740 0.88890 0.88730 0.88840 0.88800 0.88730 0.88670 0.88630 0.88630 0.88550 0.88510 0.88500 0.88550 0.88560 0.88580 0.88490 0.88470 0.88530 0.88490 0.88630 0.88530 0.88480 0.88470 0.88470 0.88520 0.88420 0.88490 0.88430 0.88530 0.88510 0.88530 0.88430 0.88470 0.88490 0.88470 
TASK          G_EPOCH_NUM CLIENT_NUM L_DATA_NUM L_EPOCH_NUM L_BATCH_SIZE L_LR SIGMA
FashionMNIST          500          7       6000           5           10 0.005    -1
0.77420 0.78970 0.79530 0.79790 0.89320 0.89550 0.89430 0.89460 0.89390 0.89490 0.89410 0.89350 0.89410 0.89260 0.89280 0.89270 0.89230 0.89120 0.89050 0.89040 0.89170 0.89100 0.89170 0.89180 0.89060 0.89150 0.89080 0.89140 0.89050 0.88920 0.88990 0.88970 0.88960 0.88990 0.88950 0.88970 0.89060 0.89020 0.88890 0.89000 0.88840 0.88810 0.88990 0.88910 0.89000 0.88740 0.88790 0.88840 0.88780 0.88750 
TASK          G_EPOCH_NUM CLIENT_NUM L_DATA_NUM L_EPOCH_NUM L_BATCH_SIZE L_LR SIGMA
FashionMNIST          500          3       6000           5           10 0.0025    -1
0.67920 0.72570 0.74640 0.76160 0.76340 0.76630 TASK          G_EPOCH_NUM CLIENT_NUM L_DATA_NUM L_EPOCH_NUM L_BATCH_SIZE L_LR SIGMA
FashionMNIST          300          3       6000           5           10 0.0025    -1
0.42500 0.46410 0.47250 0.49200 0.48400 0.50300 0.50890 0.50460 0.51270 0.50520 0.51140 0.51370 0.50940 0.50770 0.51090 0.50640 0.51350 0.51220 0.51030 0.51390 0.51300 0.51250 0.51210 0.51190 0.51210 0.51350 0.51330 0.51260 0.51270 0.51270 
TASK          G_EPOCH_NUM CLIENT_NUM L_DATA_NUM L_EPOCH_NUM L_BATCH_SIZE L_LR SIGMA
FashionMNIST          300          4       6000           5           10 0.0025    -1
0.38010 0.39930 0.40310 0.40500 0.41570 0.58990 0.67620 0.67320 0.73590 0.75030 0.77040 0.77140 0.77540 0.77510 0.77730 0.77500 0.77590 0.77390 0.76840 0.77370 0.76860 0.77000 0.76820 0.76930 0.76930 0.76900 0.76920 0.76960 0.77000 0.76940 
TASK          G_EPOCH_NUM CLIENT_NUM L_DATA_NUM L_EPOCH_NUM L_BATCH_SIZE L_LR SIGMA
FashionMNIST          300          5       6000           5           10 0.0025    -1
0.75630 0.80740 0.83200 0.84250 0.84890 0.85620 0.85910 0.85980 0.86360 0.86350 0.86620 0.86420 0.86440 0.86390 0.86300 0.86300 0.86220 0.86210 0.86120 0.86030 0.86130 0.86080 0.85960 0.85880 0.86080 0.85890 0.86020 0.85900 0.85710 0.85770 
TASK          G_EPOCH_NUM CLIENT_NUM L_DATA_NUM L_EPOCH_NUM L_BATCH_SIZE L_LR SIGMA
FashionMNIST          300          6       6000           5           10 0.0025    -1
0.56550 0.58980 0.60280 0.60870 0.61150 0.61630 0.61600 0.61830 0.61710 0.68860 0.68890 0.68790 0.68990 0.68770 0.68790 0.68890 0.68640 0.68610 0.68700 0.68380 0.68540 0.68570 0.68550 0.68500 0.68430 0.68570 0.68720 0.68680 0.68630 0.68720 
TASK          G_EPOCH_NUM CLIENT_NUM L_DATA_NUM L_EPOCH_NUM L_BATCH_SIZE L_LR SIGMA
FashionMNIST          300          7       6000           5           10 0.0025    -1
0.65460 0.76210 0.78020 0.78960 0.85440 0.86120 0.86410 0.86250 0.86770 0.87020 0.86830 0.87010 0.87080 0.86860 0.87050 0.87010 0.86920 0.87030 0.87100 0.86810 0.86910 0.87180 0.86810 0.86640 0.87070 0.86740 0.86630 0.86810 0.86640 0.86750 
TASK          G_EPOCH_NUM CLIENT_NUM L_DATA_NUM L_EPOCH_NUM L_BATCH_SIZE L_LR SIGMA
FashionMNIST          300          3       6000           5           10 0.001    -1
0.58990 0.71570 0.72980 0.76540 0.77920 0.78440 0.78360 0.81010 0.81530 0.81790 0.79520 0.82920 0.82760 0.82710 0.85110 0.84940 0.85200 0.85290 0.85440 0.85300 0.85370 0.85130 0.85070 0.85390 0.84990 0.85360 0.84730 0.84490 0.85210 0.85090 
TASK          G_EPOCH_NUM CLIENT_NUM L_DATA_NUM L_EPOCH_NUM L_BATCH_SIZE L_LR SIGMA
FashionMNIST          300          4       6000           5           10 0.001    -1
0.48710 0.58630 0.63520 0.65310 0.66250 0.66720 0.67850 0.68440 0.68470 0.69250 0.69350 0.69550 0.69690 0.69890 0.69620 0.70020 0.69990 0.70130 0.69970 0.69850 0.70040 0.69970 0.69390 0.70200 0.70110 0.69990 0.69580 0.70060 0.70020 0.75640 
TASK          G_EPOCH_NUM CLIENT_NUM L_DATA_NUM L_EPOCH_NUM L_BATCH_SIZE L_LR SIGMA
FashionMNIST          300          5       6000           5           10 0.001    -1
0.70860 0.75130 0.77040 0.79310 0.81340 0.82560 0.83650 0.84370 0.85000 0.85170 0.85480 0.85530 0.85650 0.86150 0.86210 0.86230 0.86580 0.86400 0.86560 0.86600 0.86770 0.86820 0.86580 0.86700 0.86750 0.86590 0.86750 0.86650 0.86480 0.86720 
TASK          G_EPOCH_NUM CLIENT_NUM L_DATA_NUM L_EPOCH_NUM L_BATCH_SIZE L_LR SIGMA
FashionMNIST          300          6       6000           5           10 0.001    -1
0.70280 0.74860 0.78270 0.80960 0.82160 0.83790 0.84470 0.84980 0.85350 0.85600 0.86130 0.86120 0.86590 0.86750 0.86950 0.86880 0.87170 0.87190 0.87190 0.87300 0.87270 0.87170 0.87340 0.87260 0.87410 0.87420 0.87350 0.87080 0.87290 0.87150 
TASK          G_EPOCH_NUM CLIENT_NUM L_DATA_NUM L_EPOCH_NUM L_BATCH_SIZE L_LR SIGMA
FashionMNIST          300          7       6000           5           10 0.001    -1
0.64470 0.74840 0.77890 0.79970 0.81970 0.82980 0.84050 0.84340 0.84980 0.85650 0.86060 0.86270 0.86340 0.86560 0.86520 0.86700 0.86970 0.87020 0.87200 0.87250 0.87170 0.87330 0.87400 0.87270 0.87280 0.87700 0.87610 0.87530 0.87390 0.87490 
TASK          G_EPOCH_NUM CLIENT_NUM L_DATA_NUM L_EPOCH_NUM L_BATCH_SIZE L_LR SIGMA
FashionMNIST          300          3       6000           5           10 0.0001    -1
0.22890 0.29150 TASK          G_EPOCH_NUM CLIENT_NUM L_DATA_NUM L_EPOCH_NUM L_BATCH_SIZE L_LR SIGMA
FashionMNIST          300          3       6000           5           50 0.0001    -1
0.10020 0.10080 0.10550 0.13180 0.14830 0.16330 0.17690 0.18340 0.19070 0.19970 0.21640 0.24750 0.34550 0.34600 0.29500 0.27430 0.28490 0.32730 0.39660 0.45390 0.50580 0.54080 0.56070 0.56990 0.57410 0.57780 0.59070 0.59770 0.60620 0.61690 
TASK          G_EPOCH_NUM CLIENT_NUM L_DATA_NUM L_EPOCH_NUM L_BATCH_SIZE L_LR SIGMA
FashionMNIST          300          4       6000           5           50 0.0001    -1
0.10000 0.10000 0.10000 0.10000 0.10000 0.10010 0.10060 0.10220 0.11970 0.15750 0.18460 0.22110 0.25840 0.30030 0.32840 0.34910 TASK          G_EPOCH_NUM CLIENT_NUM L_DATA_NUM L_EPOCH_NUM L_BATCH_SIZE L_LR SIGMA
FashionMNIST          300          3       6000           5           50 0.001    -1
0.13200 0.14050 0.13400 0.19800 0.23470 0.29040 0.33830 0.34000 0.34200 0.34330 0.36690 0.44390 0.46210 0.45600 0.46400 0.46640 0.47070 0.47510 0.47960 0.48200 0.47790 0.48640 0.48720 0.48890 0.48980 0.48820 0.48610 0.48890 0.49460 0.49170 
TASK          G_EPOCH_NUM CLIENT_NUM L_DATA_NUM L_EPOCH_NUM L_BATCH_SIZE L_LR SIGMA
FashionMNIST          300          4       6000           5           50 0.001    -1
0.23390 0.27130 TASK          G_EPOCH_NUM CLIENT_NUM L_DATA_NUM L_EPOCH_NUM L_BATCH_SIZE L_LR SIGMA
FashionMNIST          300          3       6000           5           50 0.0015    -1
0.30460 TASK          G_EPOCH_NUM CLIENT_NUM L_DATA_NUM L_EPOCH_NUM L_BATCH_SIZE L_LR SIGMA
FashionMNIST          300          3       6000           5           50 0.0015    -1
0.30220 0.36550 0.39610 0.49320 0.51080 0.56750 0.57550 0.58190 0.58770 0.59230 0.59550 0.59840 0.60140 0.60080 0.60130 0.60410 0.60480 0.60510 0.60680 0.60980 0.61010 0.60960 0.60960 0.60920 0.61340 0.61080 0.61090 0.61140 0.61300 0.61320 
TASK          G_EPOCH_NUM CLIENT_NUM L_DATA_NUM L_EPOCH_NUM L_BATCH_SIZE L_LR SIGMA
FashionMNIST          300          4       6000           5           50 0.0015    -1
0.21200 0.41510 0.45730 0.56600 0.59870 0.61600 0.62490 0.63470 0.64730 0.65800 0.66390 0.66160 0.67900 0.68010 0.69260 0.68810 0.69440 0.70230 0.71130 0.70420 0.70930 0.70740 0.71800 0.72000 0.71680 0.72070 0.70920 0.71860 0.72490 0.72470 
TASK          G_EPOCH_NUM CLIENT_NUM L_DATA_NUM L_EPOCH_NUM L_BATCH_SIZE L_LR SIGMA
FashionMNIST          300          5       6000           5           50 0.0015    -1
0.34580 0.49110 0.50290 0.52170 0.52130 0.53250 0.53590 0.54430 0.55080 0.55520 0.57660 0.65290 0.65320 0.66160 0.66790 0.67040 0.67550 0.67430 0.67730 0.67850 0.67970 0.68180 0.68370 0.68660 0.68780 0.68970 0.69290 0.69060 0.69330 0.69440 
TASK          G_EPOCH_NUM CLIENT_NUM L_DATA_NUM L_EPOCH_NUM L_BATCH_SIZE L_LR SIGMA
FashionMNIST          300          6       6000           5           50 0.0015    -1
0.11710 0.12780 0.13510 0.16510 0.36000 0.43910 0.48880 0.50550 0.51260 0.52330 0.52760 0.52750 0.53620 0.54060 0.54380 0.54630 0.55130 0.55190 0.55720 0.55450 0.56240 0.56660 0.63750 0.64260 0.64690 0.65130 0.65500 0.65770 0.65950 0.66050 
TASK          G_EPOCH_NUM CLIENT_NUM L_DATA_NUM L_EPOCH_NUM L_BATCH_SIZE L_LR SIGMA
FashionMNIST          300          7       6000           5           50 0.0015    -1
0.19860 0.24370 0.51400 0.63460 0.66790 0.68160 0.69360 0.70150 0.71350 0.73270 0.74110 0.74590 0.75040 0.76290 0.76640 0.77160 0.77000 0.77550 0.78120 0.78460 0.79230 0.79610 0.78990 0.80270 0.80650 0.80210 0.81100 0.80470 0.79470 0.81090 
