AG_NEWS               300          3       6000           5           10 0.05    -1
0.11229 0.08362 0.06671 0.05751 0.05213 0.04876 0.04655 0.04506 0.04405 0.04337 0.04293 0.04266 0.04253 0.04251 0.04257 0.04271 0.04289 0.04312 0.04338 0.04366 0.04397 0.04430 0.04464 0.04499 0.04535 0.04572 0.04609 0.04646 0.04684 0.04722 
0.11202 0.08294 0.06599 0.05704 0.05189 0.04870 0.04663 0.04526 0.04435 0.04375 0.04338 0.04318 0.04310 0.04313 0.04323 0.04340 0.04361 0.04387 0.04416 0.04446 0.04478 0.04512 0.04547 0.04583 0.04620 0.04659 0.04699 0.04739 0.04781 0.04823 
0.11258 0.08362 0.06657 0.05732 0.05193 0.04857 0.04639 0.04495 0.04398 0.04335 0.04296 0.04274 0.04266 0.04267 0.04277 0.04293 0.04314 0.04340 0.04370 0.04402 0.04435 0.04469 0.04504 0.04540 0.04577 0.04615 0.04653 0.04693 0.04732 0.04771 

AG_NEWS               300          4       6000           5           10 0.05    -1
0.11081 0.08255 0.06594 0.05681 0.05138 0.04790 0.04555 0.04391 0.04274 0.04191 0.04131 0.04089 0.04061 0.04043 0.04033 0.04029 0.04030 0.04036 0.04046 0.04058 0.04074 0.04091 0.04111 0.04132 0.04155 0.04179 0.04205 0.04231 0.04259 0.04287 
0.11173 0.08312 0.06638 0.05731 0.05194 0.04849 0.04618 0.04457 0.04344 0.04264 0.04207 0.04169 0.04143 0.04128 0.04122 0.04122 0.04126 0.04136 0.04148 0.04164 0.04182 0.04203 0.04225 0.04248 0.04273 0.04300 0.04327 0.04355 0.04384 0.04414 
0.11104 0.08223 0.06592 0.05710 0.05183 0.04842 0.04609 0.04446 0.04329 0.04245 0.04185 0.04143 0.04114 0.04095 0.04085 0.04081 0.04083 0.04089 0.04100 0.04113 0.04130 0.04148 0.04169 0.04192 0.04216 0.04240 0.04266 0.04293 0.04320 0.04348 

AG_NEWS               300          5       6000           5           10 0.05    -1
0.11082 0.08283 0.06627 0.05719 0.05179 0.04832 0.04597 0.04431 0.04311 0.04223 0.04159 0.04111 0.04076 0.04052 0.04035 0.04025 0.04020 0.04018 0.04021 0.04026 0.04034 0.04045 0.04058 0.04073 0.04089 0.04107 0.04126 0.04146 0.04166 0.04188 
0.11096 0.08237 0.06597 0.05706 0.05175 0.04832 0.04598 0.04432 0.04313 0.04225 0.04161 0.04114 0.04080 0.04056 0.04041 0.04031 0.04027 0.04027 0.04031 0.04038 0.04048 0.04060 0.04074 0.04091 0.04109 0.04129 0.04150 0.04172 0.04195 0.04219 
0.11214 0.08340 0.06666 0.05752 0.05210 0.04863 0.04630 0.04467 0.04350 0.04266 0.04204 0.04160 0.04128 0.04106 0.04092 0.04084 0.04080 0.04081 0.04085 0.04092 0.04102 0.04115 0.04129 0.04146 0.04164 0.04183 0.04203 0.04225 0.04248 0.04271 

AG_NEWS               300          6       6000           5           10 0.05    -1
0.11477 0.08574 0.06837 0.05880 0.05312 0.04948 0.04699 0.04523 0.04395 0.04299 0.04227 0.04172 0.04129 0.04097 0.04073 0.04056 0.04043 0.04035 0.04030 0.04029 0.04029 0.04033 0.04038 0.04045 0.04053 0.04063 0.04073 0.04085 0.04098 0.04112 
0.11311 0.08418 0.06718 0.05790 0.05234 0.04873 0.04624 0.04445 0.04312 0.04212 0.04135 0.04075 0.04029 0.03992 0.03965 0.03944 0.03928 0.03918 0.03911 0.03907 0.03907 0.03908 0.03912 0.03918 0.03925 0.03934 0.03944 0.03955 0.03968 0.03982 
0.11306 0.08462 0.06741 0.05798 0.05236 0.04875 0.04627 0.04451 0.04322 0.04225 0.04152 0.04096 0.04053 0.04021 0.03998 0.03980 0.03968 0.03960 0.03956 0.03955 0.03956 0.03960 0.03965 0.03973 0.03981 0.03991 0.04002 0.04015 0.04029 0.04043 

AG_NEWS               300          7       6000           5           10 0.05    -1
0.11359 0.08537 0.06781 0.05806 0.05231 0.04861 0.04608 0.04425 0.04291 0.04189 0.04110 0.04050 0.04002 0.03964 0.03935 0.03912 0.03894 0.03881 0.03871 0.03864 0.03860 0.03857 0.03857 0.03859 0.03863 0.03868 0.03874 0.03882 0.03891 0.03901 
0.11020 0.08218 0.06600 0.05704 0.05164 0.04814 0.04573 0.04401 0.04274 0.04179 0.04106 0.04050 0.04007 0.03974 0.03948 0.03928 0.03913 0.03902 0.03895 0.03890 0.03888 0.03887 0.03889 0.03892 0.03897 0.03903 0.03909 0.03917 0.03926 0.03936 
0.11166 0.08275 0.06594 0.05688 0.05152 0.04806 0.04568 0.04397 0.04270 0.04173 0.04098 0.04040 0.03995 0.03959 0.03932 0.03910 0.03894 0.03882 0.03874 0.03869 0.03866 0.03865 0.03866 0.03869 0.03874 0.03879 0.03886 0.03895 0.03904 0.03914 
