AG_NEWS               300          3       6000           5           10 0.05    -1
0.58026 0.71039 0.77303 0.80158 0.82211 0.83513 0.84553 0.85211 0.85553 0.85987 0.86263 0.86461 0.86658 0.86737 0.86842 0.86921 0.87000 0.87079 0.87171 0.87211 0.87276 0.87342 0.87408 0.87434 0.87382 0.87395 0.87316 0.87237 0.87184 0.87224 
0.58303 0.71829 0.77276 0.80316 0.82329 0.83500 0.84329 0.84987 0.85487 0.85803 0.86197 0.86421 0.86553 0.86750 0.86895 0.86961 0.87000 0.87039 0.87118 0.87211 0.87158 0.87171 0.87237 0.87211 0.87303 0.87237 0.87145 0.87211 0.87105 0.87118 
0.58316 0.70803 0.76658 0.79987 0.82105 0.83092 0.84039 0.84526 0.85092 0.85605 0.85855 0.86039 0.86395 0.86461 0.86671 0.86789 0.86974 0.87039 0.87000 0.87105 0.87145 0.87171 0.87263 0.87329 0.87395 0.87289 0.87171 0.87171 0.87145 0.87132 

AG_NEWS               300          4       6000           5           10 0.05    -1
0.59079 0.71184 0.77329 0.80316 0.82092 0.83368 0.84263 0.84895 0.85447 0.86066 0.86342 0.86750 0.87092 0.87303 0.87447 0.87579 0.87763 0.87855 0.87947 0.88039 0.88092 0.88132 0.88197 0.88158 0.88132 0.88197 0.88171 0.88237 0.88276 0.88368 
0.59224 0.71513 0.77355 0.80487 0.82092 0.83368 0.84118 0.84882 0.85276 0.85868 0.86303 0.86697 0.86895 0.87105 0.87197 0.87382 0.87447 0.87579 0.87697 0.87632 0.87724 0.87737 0.87789 0.87842 0.87882 0.87908 0.88026 0.88039 0.88053 0.88066 
0.59355 0.71605 0.77316 0.80605 0.82197 0.83434 0.84276 0.84842 0.85408 0.85789 0.86303 0.86513 0.86684 0.86855 0.86908 0.87092 0.87118 0.87145 0.87263 0.87276 0.87316 0.87342 0.87382 0.87487 0.87592 0.87579 0.87645 0.87697 0.87684 0.87763 

AG_NEWS               300          5       6000           5           10 0.05    -1
0.59816 0.71737 0.77289 0.80289 0.82132 0.83329 0.84171 0.84776 0.85171 0.85658 0.86039 0.86237 0.86526 0.86816 0.87013 0.87118 0.87211 0.87382 0.87474 0.87579 0.87671 0.87763 0.87882 0.87895 0.87842 0.87921 0.87934 0.87974 0.88053 0.88105 
0.58987 0.72171 0.77724 0.80632 0.82421 0.83763 0.84566 0.85250 0.85671 0.86132 0.86447 0.86645 0.86895 0.87066 0.87250 0.87434 0.87500 0.87671 0.87737 0.87763 0.87803 0.87842 0.87868 0.87816 0.87842 0.87895 0.87882 0.87816 0.87842 0.87829 
0.59263 0.71276 0.77447 0.80500 0.82553 0.83645 0.84421 0.85197 0.85684 0.85816 0.86329 0.86474 0.86697 0.86855 0.87066 0.87224 0.87342 0.87355 0.87553 0.87632 0.87632 0.87684 0.87658 0.87605 0.87605 0.87658 0.87605 0.87592 0.87605 0.87592 

AG_NEWS               300          6       6000           5           10 0.05    -1
0.57224 0.70132 0.76711 0.80197 0.81934 0.83237 0.84224 0.84763 0.85197 0.85526 0.85934 0.86184 0.86474 0.86684 0.86868 0.86974 0.87184 0.87368 0.87500 0.87684 0.87737 0.87882 0.87961 0.88053 0.88132 0.88197 0.88197 0.88276 0.88342 0.88355 
0.58250 0.70724 0.76750 0.80053 0.82184 0.83474 0.84434 0.85039 0.85513 0.86053 0.86368 0.86658 0.86908 0.87026 0.87303 0.87447 0.87539 0.87645 0.87750 0.87803 0.87908 0.87921 0.88013 0.88013 0.87947 0.88000 0.88118 0.88171 0.88250 0.88211 
0.57342 0.70711 0.77224 0.80329 0.82211 0.83421 0.84263 0.84803 0.85408 0.85763 0.86118 0.86447 0.86855 0.87158 0.87316 0.87487 0.87632 0.87737 0.87895 0.87921 0.87987 0.88132 0.88118 0.88197 0.88329 0.88368 0.88447 0.88461 0.88342 0.88355 

AG_NEWS               300          7       6000           5           10 0.05    -1
0.57171 0.69987 0.76395 0.79868 0.81868 0.82908 0.83882 0.84605 0.85316 0.85829 0.86316 0.86618 0.86921 0.87053 0.87303 0.87447 0.87579 0.87711 0.87882 0.88066 0.88132 0.88237 0.88276 0.88368 0.88421 0.88421 0.88474 0.88526 0.88513 0.88605 
0.60250 0.71711 0.77539 0.80658 0.82618 0.83789 0.84737 0.85382 0.85934 0.86408 0.86763 0.86855 0.87013 0.87250 0.87553 0.87697 0.87803 0.87895 0.87947 0.87974 0.87987 0.88066 0.88171 0.88197 0.88250 0.88342 0.88395 0.88421 0.88447 0.88487 
0.59855 0.71605 0.77026 0.80079 0.82237 0.83224 0.84276 0.84934 0.85526 0.85934 0.86171 0.86500 0.86684 0.86908 0.87184 0.87263 0.87382 0.87474 0.87553 0.87697 0.87763 0.87829 0.87947 0.88013 0.88053 0.88145 0.88184 0.88224 0.88224 0.88250 
