FashionMNIST          300          3       6000           5           10 0.0025    -1
0.12211 0.11344 0.10841 0.10687 0.10513 0.10550 0.10552 0.10775 0.08964 0.09124 0.09314 0.09513 0.09797 0.10197 0.10477 0.10792 0.10982 0.11415 0.11552 0.11900 0.12061 0.12391 0.12660 0.12689 0.12905 0.13000 0.13196 0.13353 0.13353 0.13644 
0.06458 0.05367 0.04780 0.04501 0.04384 0.04419 0.04575 0.04746 0.05046 0.05428 0.05875 0.06258 0.06708 0.07233 0.07736 0.08302 0.08604 0.09084 0.09494 0.09840 0.10171 0.10437 0.10678 0.10922 0.11090 0.11338 0.11484 0.11708 0.11834 0.12025 
0.15760 0.15178 0.14892 0.14647 0.14626 0.14467 0.14384 0.14371 0.14416 0.14596 0.14730 0.14553 0.14747 0.14907 0.15066 0.15121 0.15200 0.15475 0.15646 0.15828 0.15812 0.16139 0.16042 0.16184 0.16514 0.16418 0.16726 0.16851 0.16870 0.16943 

FashionMNIST          300          4       6000           5           10 0.0025    -1
0.06497 0.05252 0.04725 0.04314 0.04192 0.04123 0.04135 0.04247 0.04301 0.04540 0.04819 0.05121 0.05484 0.05838 0.06155 0.06547 0.06937 0.07315 0.07734 0.08131 0.08415 0.08726 0.09031 0.09279 0.09499 0.09750 0.09935 0.10040 0.10218 0.10441 
0.10819 0.09481 0.08908 0.08579 0.08451 0.08309 0.06150 0.06161 0.06290 0.06359 0.06505 0.06670 0.06866 0.07149 0.07326 0.07540 0.07823 0.08051 0.08228 0.08553 0.08764 0.09171 0.09290 0.09447 0.09636 0.09850 0.10028 0.10251 0.10266 0.10530 
0.17295 0.16833 0.16526 0.16297 0.16086 0.12335 0.10652 0.10504 0.08594 0.07560 0.06478 0.06543 0.06599 0.06816 0.07050 0.07332 0.07584 0.07822 0.08286 0.08598 0.09011 0.09281 0.09676 0.09964 0.10209 0.10435 0.10761 0.10939 0.11130 0.11338 

FashionMNIST          300          5       6000           5           10 0.0025    -1
0.08416 0.07260 0.04586 0.04304 0.04167 0.04122 0.04110 0.04245 0.04305 0.04430 0.04656 0.04849 0.05209 0.05381 0.05734 0.06000 0.06357 0.06673 0.06972 0.07298 0.07604 0.07932 0.08283 0.08481 0.08811 0.09100 0.09348 0.09529 0.09779 0.09940 
0.08865 0.07576 0.04719 0.04321 0.04141 0.04013 0.03992 0.03992 0.03987 0.04156 0.04201 0.04322 0.04522 0.04745 0.05034 0.05251 0.05587 0.05889 0.06148 0.06482 0.06809 0.07040 0.07363 0.07655 0.07863 0.08059 0.08320 0.08503 0.08677 0.08860 
0.06544 0.05339 0.04795 0.04478 0.04324 0.04185 0.04165 0.04231 0.04304 0.04347 0.04611 0.04820 0.04971 0.05224 0.05560 0.05767 0.06169 0.06495 0.06799 0.07120 0.07538 0.07764 0.08026 0.08422 0.08761 0.08976 0.09246 0.09512 0.09701 0.09874 

FashionMNIST          300          6       6000           5           10 0.0025    -1
0.12690 0.10141 0.07137 0.06628 0.06396 0.06265 0.06248 0.06200 0.06219 0.06262 0.06311 0.06448 0.06590 0.06674 0.06912 0.07134 0.07240 0.07537 0.07747 0.07917 0.08149 0.08457 0.08637 0.08935 0.09127 0.09352 0.09566 0.09735 0.09965 0.10152 
0.11680 0.09773 0.09177 0.08793 0.08565 0.08433 0.08324 0.08289 0.08308 0.08345 0.08318 0.08387 0.08478 0.08597 0.08633 0.08767 0.08843 0.08975 0.09174 0.07551 0.07691 0.07831 0.08012 0.08276 0.08455 0.08758 0.08997 0.09152 0.09321 0.09580 
0.12399 0.11359 0.10859 0.10567 0.10405 0.10271 0.10204 0.10160 0.10166 0.08235 0.08259 0.08352 0.08464 0.08593 0.08700 0.08914 0.09112 0.09335 0.09546 0.09838 0.09989 0.10184 0.10443 0.10651 0.10895 0.11024 0.11212 0.11374 0.11522 0.11691 

FashionMNIST          300          7       6000           5           10 0.0025    -1
0.08820 0.07563 0.06830 0.06471 0.06266 0.06142 0.06053 0.05997 0.06000 0.03831 0.03794 0.03874 0.03933 0.04004 0.04072 0.04184 0.04327 0.04573 0.04681 0.04811 0.05066 0.05227 0.05445 0.05680 0.05887 0.06115 0.06294 0.06552 0.06731 0.06932 
0.11061 0.07849 0.07101 0.06692 0.06477 0.06302 0.06204 0.06196 0.06118 0.06117 0.06189 0.06210 0.06276 0.06370 0.06499 0.06667 0.06762 0.06934 0.07097 0.07329 0.07464 0.07715 0.07872 0.08120 0.08302 0.08508 0.08720 0.08948 0.09148 0.09346 
0.10451 0.07229 0.06645 0.06336 0.04204 0.04043 0.03946 0.03967 0.03897 0.03896 0.03987 0.04057 0.04185 0.04298 0.04455 0.04609 0.04821 0.05004 0.05215 0.05406 0.05637 0.05845 0.06106 0.06326 0.06597 0.06819 0.07049 0.07230 0.07456 0.07678 
