FashionMNIST          300          3       6000           5           10 0.0025    -1
0.58510 0.61770 0.63630 0.64320 0.65980 0.66460 0.66580 0.66400 0.74440 0.74860 0.75240 0.75130 0.75250 0.75150 0.75650 0.75390 0.75730 0.75480 0.75750 0.75680 0.75580 0.75780 0.75490 0.75570 0.75820 0.75770 0.75680 0.75640 0.75690 0.75800 
0.75620 0.81030 0.83330 0.84620 0.85070 0.85710 0.85950 0.86020 0.86130 0.85790 0.85760 0.85780 0.85550 0.85340 0.85490 0.85090 0.85450 0.85230 0.85240 0.85310 0.85380 0.85240 0.85270 0.85260 0.85330 0.85100 0.85240 0.85140 0.85170 0.85190 
0.42500 0.46410 0.47250 0.49200 0.48400 0.50300 0.50890 0.50460 0.51270 0.50520 0.51140 0.51370 0.50940 0.50770 0.51090 0.50640 0.51350 0.51220 0.51030 0.51390 0.51300 0.51250 0.51210 0.51190 0.51210 0.51350 0.51330 0.51260 0.51270 0.51270 

FashionMNIST          300          4       6000           5           10 0.0025    -1
0.75910 0.81220 0.83340 0.84770 0.85440 0.85890 0.85930 0.86190 0.86390 0.86440 0.86140 0.86260 0.86200 0.86240 0.86000 0.86090 0.86190 0.86100 0.85950 0.85760 0.85740 0.85810 0.85770 0.85870 0.85930 0.85870 0.85800 0.85960 0.85920 0.85930 
0.63230 0.67650 0.69190 0.70150 0.70400 0.72090 0.79780 0.79780 0.79720 0.79770 0.79730 0.79440 0.79550 0.79480 0.79520 0.79170 0.79510 0.79120 0.79250 0.79130 0.79030 0.79210 0.78910 0.79100 0.79170 0.79080 0.79180 0.79080 0.79010 0.79090 
0.38010 0.39930 0.40310 0.40500 0.41570 0.58990 0.67620 0.67320 0.73590 0.75030 0.77040 0.77140 0.77540 0.77510 0.77730 0.77500 0.77590 0.77390 0.76840 0.77370 0.76860 0.77000 0.76820 0.76930 0.76930 0.76900 0.76920 0.76960 0.77000 0.76940 

FashionMNIST          300          5       6000           5           10 0.0025    -1
0.67420 0.72780 0.83860 0.85000 0.85880 0.86020 0.86350 0.86290 0.86390 0.86270 0.86500 0.86270 0.86130 0.86260 0.85990 0.86180 0.86020 0.86050 0.86110 0.86060 0.85900 0.85890 0.85790 0.85940 0.85950 0.85910 0.86070 0.85960 0.85970 0.86060 
0.66030 0.71690 0.83510 0.85240 0.85710 0.86440 0.86910 0.86890 0.87010 0.86870 0.87140 0.87110 0.87000 0.87150 0.86970 0.86920 0.87010 0.86830 0.86860 0.86940 0.86860 0.86900 0.86750 0.86930 0.86850 0.86820 0.86860 0.86830 0.86810 0.86840 
0.75630 0.80740 0.83200 0.84250 0.84890 0.85620 0.85910 0.85980 0.86360 0.86350 0.86620 0.86420 0.86440 0.86390 0.86300 0.86300 0.86220 0.86210 0.86120 0.86030 0.86130 0.86080 0.85960 0.85880 0.86080 0.85890 0.86020 0.85900 0.85710 0.85770 

FashionMNIST          300          6       6000           5           10 0.0025    -1
0.54730 0.61510 0.73810 0.75370 0.75920 0.76410 0.76680 0.77090 0.77070 0.77410 0.77480 0.77190 0.77180 0.77520 0.77540 0.77360 0.77660 0.77740 0.77720 0.77570 0.77560 0.77740 0.77470 0.77440 0.77390 0.77350 0.77440 0.77390 0.77290 0.77370 
0.61650 0.65230 0.67350 0.68780 0.69580 0.69890 0.70270 0.70280 0.70470 0.70520 0.70610 0.70700 0.70670 0.70240 0.70560 0.70390 0.70510 0.70360 0.70340 0.77170 0.77250 0.77230 0.77250 0.77000 0.77030 0.76870 0.77020 0.76940 0.77040 0.77010 
0.56550 0.58980 0.60280 0.60870 0.61150 0.61630 0.61600 0.61830 0.61710 0.68860 0.68890 0.68790 0.68990 0.68770 0.68790 0.68890 0.68640 0.68610 0.68700 0.68380 0.68540 0.68570 0.68550 0.68500 0.68430 0.68570 0.68720 0.68680 0.68630 0.68720 

FashionMNIST          300          7       6000           5           10 0.0025    -1
0.67630 0.72670 0.75280 0.76300 0.76940 0.77440 0.77940 0.78140 0.78340 0.87800 0.87860 0.87990 0.87870 0.88060 0.88250 0.88100 0.88090 0.87940 0.88040 0.87760 0.87730 0.87750 0.87700 0.87660 0.87470 0.87530 0.87400 0.87580 0.87480 0.87380 
0.60410 0.70810 0.73740 0.75150 0.75510 0.76470 0.76970 0.76840 0.77470 0.77700 0.77440 0.77600 0.77690 0.77730 0.77930 0.77960 0.77860 0.77790 0.77880 0.77760 0.77920 0.77610 0.77730 0.77730 0.77710 0.77420 0.77690 0.77720 0.77390 0.77520 
0.65460 0.76210 0.78020 0.78960 0.85440 0.86120 0.86410 0.86250 0.86770 0.87020 0.86830 0.87010 0.87080 0.86860 0.87050 0.87010 0.86920 0.87030 0.87100 0.86810 0.86910 0.87180 0.86810 0.86640 0.87070 0.86740 0.86630 0.86810 0.86640 0.86750 
