
non-IID
TASK          G_EPOCH_NUM CLIENT_NUM L_DATA_NUM L_EPOCH_NUM L_BATCH_SIZE L_LR SIGMA
FashionMNIST         1000        100        600           5           50 0.01      1
0.2554	0.3202	0.2106	0.2715	0.2214	0.2113	0.3094	0.3363	0.3021	0.3018	0.2844	0.3036	0.2854	0.3188	0.2622	0.3161	0.2923	0.3049	0.3547	0.3432	0.3197	0.3849	0.3548	0.405	0.3786	0.37	0.3799	0.3918	0.3165	0.353	0.3565	0.4077	0.2968	0.3419	0.3797	0.3979	0.3711	0.4156	0.4173	0.3687	0.4045	0.3271	0.3957	0.3686	0.3454	0.4053	0.3672	0.3419	0.4114	0.365	0.3787	0.3643	0.3854	0.4104	0.3836	0.3999	0.3773	0.3718	0.4253	0.4243	0.4101	0.4234	0.4343	0.3637	0.4203	0.4203	0.4019	0.4287	0.4339	0.4206	0.3836	0.4253	0.4229	0.4214	0.41	0.4184	0.4288	0.4313	0.3948	0.4225	0.4403	0.4358	0.4234	0.3443	0.4326	0.4297	0.4184	0.3891	0.4198	0.4211	0.4371	0.4299	0.3814	0.4194	0.4313	0.4355	0.4405	0.4429	0.4425	0.4421
0.2451	0.3723	0.2123	0.2598	0.2656	0.3077	0.3415	0.4201	0.4693	0.4719	0.4665	0.475	0.4663	0.5363	0.5219	0.5326	0.5029	0.5285	0.5528	0.5393	0.5406	0.5312	0.5477	0.5323	0.5674	0.5619	0.5697	0.5814	0.5411	0.5793	0.5896	0.5943	0.5838	0.5637	0.5712	0.5716	0.592	0.5994	0.5928	0.6199	0.5545	0.5883	0.6212	0.585	0.6204	0.6276	0.5768	0.6308	0.6331	0.6159	0.628	0.6129	0.6113	0.5977	0.6065	0.6075	0.6137	0.6153	0.6216	0.6085	0.6111	0.6136	0.6144	0.5947	0.6312	0.6368	0.6486	0.5676	0.6514	0.6563	0.6318	0.6273	0.6134	0.6107	0.6515	0.6481	0.6501	0.6327	0.6379	0.6028	0.607	0.6215	0.6632	0.6572	0.6724	0.6037	0.6178	0.661	0.6495	0.6572	0.6346	0.6241	0.63	0.6147	0.6444	0.6525	0.6566	0.6562	0.637	0.645
0.2907	0.4025	0.265	0.1463	0.1794	0.1752	0.1886	0.1913	0.1946	0.192	0.1944	0.1952	0.1943	0.1958	0.1953	0.1961	0.195	0.196	0.1961	0.196	0.1964	0.1964	0.1964	0.1964	0.1964	0.1971	0.1968	0.1975	0.1969	0.1968	0.1973	0.1976	0.1976	0.1975	0.1976	0.1974	0.1974	0.197	0.197	0.1975	0.1972	0.197	0.1969	0.1972	0.1967	0.1971	0.1971	0.1966	0.1968	0.1972	0.1967	0.1962	0.1953	0.1967	0.1967	0.1968	0.1968	0.1959	0.1958	0.1966	0.1965	0.1965	0.1964	0.1958	0.1961	0.1964	0.1958	0.1955	0.196	0.196	0.1957	0.1953	0.1957	0.1952	0.195	0.1951	0.1955	0.1954	0.1953	0.195	0.1953	0.1953	0.1955	0.1952	0.1952	0.1949	0.1952	0.1946	0.1949	0.1944	0.1948	0.1947	0.1948	0.1951	0.1947	0.1947	0.195	0.1948	0.1948	0.1941

Group
TASK          G_EPOCH_NUM CLIENT_NUM L_DATA_NUM L_EPOCH_NUM L_BATCH_SIZE L_LR SIGMA
FashionMNIST         1000        100        600           5           50 0.01     1
0.1233	0.2036	0.2412	0.3879	0.4057	0.4038	0.4081	0.4743	0.4842	0.4947	0.5256	0.2728	0.4598	0.5797	0.5803	0.587	0.5626	0.5739	0.5394	0.5971	0.6107	0.6096	0.6118	0.6187	0.6195	0.6133	0.6096	0.5888	0.6225	0.6271	0.6336	0.6327	0.6349	0.6384	0.6209	0.6386	0.6382	0.6429	0.6484	0.6554	0.6441	0.6313	0.6572	0.6531	0.6573	0.6539	0.6583	0.6606	0.6576	0.6618	0.6511	0.6456	0.6563	0.6316	0.6655	0.6674	0.6623	0.6703	0.6644	0.6635	0.6665	0.6627	0.6287	0.6721	0.6586	0.6629	0.6661	0.6661	0.6618	0.6761	0.6766	0.6786	0.6694	0.6471	0.6674	0.6747	0.6706	0.6651	0.681	0.6755	0.6758	0.6701	0.6864	0.6827	0.6432	0.6861	0.6875	0.6889	0.6755	0.6628	0.6886	0.6788	0.676	0.689	0.6906	0.6565	0.6314	0.6915	0.6895	0.6931
0.1037	0.2379	0.2289	0.2411	0.3486	0.3971	0.4516	0.4862	0.4904	0.5081	0.4085	0.5182	0.5759	0.5909	0.589	0.5962	0.573	0.6102	0.6039	0.6207	0.6228	0.6227	0.6322	0.6321	0.6371	0.6	    0.6351	0.6419	0.646	0.6459	0.6512	0.6327	0.6324	0.6392	0.6548	0.652	0.6485	0.6362	0.641	0.6616	0.6433	0.627	0.6387	0.6319	0.6439	0.6497	0.6595	0.667	0.6531	0.6128	0.674	0.6678	0.6587	0.6661	0.6606	0.6731	0.6753	0.6655	0.6632	0.664	0.6673	0.6735	0.6373	0.665	0.6632	0.6651	0.6627	0.6701	0.6734	0.6698	0.6783	0.6679	0.6796	0.6517	0.6791	0.6654	0.6614	0.6708	0.6701	0.6722	0.667	0.6854	0.682	0.6814	0.6456	0.689	0.6803	0.6731	0.6878	0.6815	0.6854	0.6835	0.6929	0.6686	0.6636	0.6875	0.6962	0.6946	0.6853	0.6845
0.1003	0.1298	0.2172	0.2778	0.3008	0.2547	0.3344	0.372	0.3778	0.4296	0.4334	0.4469	0.4622	0.4525	0.4693	0.3338	0.315	0.4142	0.5703	0.5708	0.5867	0.5733	0.59	0.5937	0.5919	0.6064	0.5372	0.6327	0.6063	0.6209	0.6282	0.633	0.6327	0.628	0.6376	0.642	0.6359	0.605	0.6333	0.6439	0.6471	0.6559	0.6599	0.6588	0.647	0.6536	0.6558	0.6593	0.6539	0.6668	0.6652	0.6707	0.6617	0.6319	0.6475	0.6593	0.6627	0.6557	0.6679	0.6709	0.6567	0.6695	0.6236	0.6545	0.6676	0.6646	0.6795	0.6769	0.672	0.6713	0.679	0.6837	0.6685	0.6122	0.6829	0.6774	0.6845	0.684	0.6837	0.6744	0.6814	0.6857	0.6857	0.6829	0.6461	0.684	0.682	0.6871	0.677	0.6841	0.6847	0.6851	0.6777	0.6689	0.6877	0.6222	0.6853	0.6912	0.691	0.6817

IID
TASK          G_EPOCH_NUM CLIENT_NUM L_DATA_NUM L_EPOCH_NUM L_BATCH_SIZE L_LR SIGMA
FashionMNIST         1000        100        600           5           50 0.01   0.1
0.4379	0.4874	0.5056	0.5151	0.5261	0.6262	0.6367	0.6472	0.6552	0.6616	0.6651	0.6713	0.6751	0.6791	0.6823	0.684	0.686	0.6874	0.6886	0.6899	0.6918	0.692	0.6934	0.6945	0.6957	0.6968	0.7866	0.7873	0.7888	0.7881	0.7911	0.7912	0.7916	0.7939	0.7936	0.7944	0.7939	0.7943	0.7945	0.7952	0.7962	0.7966	0.7971	0.7973	0.7983	0.7983	0.7982	0.8001	0.7985	0.7996	0.8003	0.8003	0.8005	0.801	0.8008	0.8017	0.8023	0.8028	0.8019	0.8022	0.8025	0.8026	0.8027	0.8028	0.803	0.8038	0.8046	0.8041	0.8043	0.8045	0.8054	0.8054	0.8065	0.806	0.8066	0.8062	0.8061	0.8069	0.8056	0.8069	0.8071	0.8067	0.8072	0.8064	0.8074	0.807	0.8074	0.8073	0.8079	0.8077	0.8072	0.8078	0.8082	0.8081	0.8078	0.8085	0.8085	0.8078	0.808	0.8083
0.3923	0.5819	0.5972	0.6119	0.6259	0.6388	0.6473	0.7411	0.7502	0.7578	0.7654	0.7688	0.8286	0.8361	0.8399	0.8437	0.8479	0.8511	0.8534	0.8559	0.8579	0.8577	0.8599	0.8606	0.863	0.8646	0.8665	0.8679	0.8688	0.8686	0.8704	0.8722	0.8729	0.8743	0.8746	0.8748	0.8754	0.876	0.8769	0.8767	0.8772	0.8779	0.8792	0.8795	0.8799	0.8801	0.8817	0.8821	0.8827	0.8828	0.8834	0.8834	0.8839	0.8847	0.8846	0.8854	0.8871	0.8862	0.8859	0.8875	0.8875	0.8894	0.889	0.8887	0.8896	0.8899	0.8894	0.8909	0.891	0.8912	0.8917	0.8923	0.892	0.8928	0.8928	0.8933	0.894	0.8934	0.8935	0.8948	0.8941	0.8942	0.8947	0.8948	0.8948	0.8948	0.895	0.8952	0.8951	0.8967	0.8961	0.8964	0.8967	0.8976	0.8973	0.8968	0.8971	0.8969	0.8967	0.8968
0.3267	0.4664	0.5656	0.6521	0.6944	0.7148	0.7946	0.81	0.8217	0.8308	0.8398	0.844	0.8484	0.852	0.8558	0.8594	0.8604	0.8616	0.8621	0.8646	0.866	0.8679	0.8694	0.8689	0.8706	0.871	0.873	0.8724	0.874	0.8752	0.8759	0.877	0.878	0.8787	0.8795	0.8799	0.881	0.8807	0.8804	0.8808	0.8815	0.8815	0.8834	0.8825	0.8842	0.8847	0.8849	0.8865	0.8862	0.8881	0.8879	0.8883	0.8888	0.8884	0.8888	0.8896	0.8893	0.8889	0.8895	0.8899	0.8903	0.8904	0.8908	0.8907	0.8905	0.8908	0.8905	0.8913	0.8912	0.8912	0.8925	0.8925	0.8936	0.8934	0.8941	0.8929	0.8934	0.8933	0.8941	0.8931	0.8935	0.8937	0.8954	0.8945	0.8952	0.895	0.8954	0.8948	0.8955	0.8953	0.8954	0.8956	0.8954	0.8961	0.8961	0.8961	0.8974	0.8962	0.8966	0.8971

Group
TASK          G_EPOCH_NUM CLIENT_NUM L_DATA_NUM L_EPOCH_NUM L_BATCH_SIZE L_LR SIGMA
FashionMNIST          500        100        600           5           10 0.01   0.9
0.49980 0.63260 0.69600 0.71570 0.73770 0.75530 0.77130 0.78890 0.80610 0.81470 0.82380 0.83180 0.83740 0.84160 0.84660 0.84890 0.85130 0.85320 0.85650 0.85810 0.85940 0.86010 0.86230 0.86240 0.86250 0.86160 0.86310 0.86330 0.86330 0.86350 0.86350 0.86390 0.86360 0.86510 0.86490 0.86550 0.86680 0.86710 0.86710 0.86850 0.86870 0.86930 0.86960 0.86900 0.87040 0.87100 
0.10000 0.56690 0.64130 0.70380 0.73330 0.75190 0.76820 0.78520 0.80560 0.81630 0.82590 0.83590 0.84450 0.84670 0.85070 0.85320 0.85510 0.85660 0.85740 0.85870 0.85840 0.86030 0.86050 0.86170 0.86310 0.86420 0.86590 0.86650 0.86690 0.86770 0.86710 0.86700 0.86700 0.86590 0.86550 0.86580 0.86530 0.86670 0.86600 0.86650 0.86580 0.86670 0.86520 0.86590 0.86510 0.86680 
0.40700 0.59680 0.67650 0.71280 0.73170 0.75340 0.77020 0.79020 0.80700 0.81630 0.82400 0.83270 0.83840 0.84130 0.84470 0.84850 0.84990 0.85030 0.85180 0.85230 0.85350 0.85490 0.85650 0.85670 0.85650 0.85810 0.85910 0.85940 0.85960 0.86000 0.86040 0.85960 0.85950 0.86010 0.85990 0.86050 0.86050 0.86100 0.86070 0.86110 0.86100 0.86120 0.86240 0.86240 0.86170 0.86240 

non-IID
TASK          G_EPOCH_NUM CLIENT_NUM L_DATA_NUM L_EPOCH_NUM L_BATCH_SIZE L_LR SIGMA
FashionMNIST          500        100        600           5           10 0.01   0.9
0.66690 0.72310 0.74070 0.75900 0.77260 0.78280 0.79380 0.80410 0.81290 0.81910 0.82730 0.83320 0.83760 0.84230 0.84460 0.84600 0.84820 0.85160 0.85280 0.85370 0.85520 0.85660 0.85790 0.85960 0.86050 0.86320 0.86420 0.86420 0.86610 0.86540 0.86570 0.86680 0.86590 0.86650 0.86690 0.86630 0.86810 0.86740 0.86770 0.86910 0.86880 0.86960 0.87010 0.86960 0.87000 0.86920 
0.68290 0.71960 0.74240 0.75620 0.76520 0.77640 0.78610 0.79060 0.79420 0.79750 0.80150 0.80400 0.80710 0.80900 0.81020 0.81170 0.81340 0.83850 0.84650 0.84820 0.85030 0.85330 0.85350 0.85540 0.85640 0.85730 0.85920 0.85970 0.86060 0.86170 0.86250 0.86270 0.86270 0.86370 0.86360 0.86440 0.86590 0.86540 0.86560 0.86730 0.86750 0.86670 0.86680 0.86790 0.86750 0.86770 
0.57960 0.63730 0.66850 0.68410 0.69370 0.70410 0.71530 0.72090 0.72720 0.73560 0.74310 0.74780 0.82070 0.82860 0.83240 0.83630 0.84010 0.84210 0.84590 0.84720 0.84900 0.85170 0.85200 0.85310 0.85470 0.85470 0.85540 0.85530 0.85690 0.85800 0.85740 0.85880 0.85940 0.85890 0.85950 0.85990 0.86030 0.86070 0.86100 0.86110 0.86180 0.86100 0.86130 0.86280 0.86370 0.86330 






