TASK          G_EPOCH_NUM CLIENT_NUM L_DATA_NUM L_EPOCH_NUM L_BATCH_SIZE L_LR
FashionMNIST        1000          5       6000           5           64 0.01
0.02898 0.01882 0.01810 0.01715 0.01669 0.01624 0.01460 0.01416 0.01382 0.01360 0.01332 0.01311 0.01290 0.01279 0.01263 0.01256 0.00982 0.00658 0.00650 0.00616 0.00606 0.00596 0.00589 0.00581 0.00575 0.00568 0.00569 0.00560 0.00556 0.00555 0.00546 0.00541 0.00538 0.00539 0.00534 0.00530 0.00534 0.00528 0.00529 0.00525 0.00530 0.00521 0.00521 0.00515 0.00513 0.00512 0.00510 0.00517 0.00509 0.00513 0.00506 0.00507 0.00505 0.00507 0.00510 0.00506 0.00523 0.00506 0.00511 0.00510 0.00505 0.00507 0.00511 0.00511 0.00511 0.00513 0.00512 0.00516 0.00524 0.00518 0.00515 0.00526 0.00520 0.00523 0.00526 0.00529 0.00532 0.00530 0.00540 0.00538 0.00541 0.00544 0.00547 0.00552 0.00547 0.00551 0.00556 0.00559 0.00558 0.00565 0.00576 0.00575 0.00577 0.00579 0.00584 0.00594 0.00587 0.00589 0.00596 0.00605 
TASK          G_EPOCH_NUM CLIENT_NUM L_DATA_NUM L_EPOCH_NUM L_BATCH_SIZE L_LR
AG_NEWS             1000          5       6000           5           64 0.01
0.02173 0.02165 0.02157 0.02149 0.02141 0.02133 0.02125 0.02117 0.02109 0.02101 0.02093 0.02085 0.02076 0.02068 0.02059 0.02050 0.02041 0.02032 0.02022 0.02013 0.02003 0.01993 0.01983 0.01973 0.01963 0.01952 0.01941 0.01930 0.01920 0.01908 0.01897 0.01886 0.01875 0.01863 0.01852 0.01840 0.01829 0.01817 0.01805 0.01794 0.01782 0.01770 0.01758 0.01747 0.01735 0.01723 0.01712 0.01700 0.01688 0.01677 0.01665 0.01653 0.01642 0.01630 0.01619 0.01608 0.01597 0.01586 0.01575 0.01564 0.01553 0.01542 0.01531 0.01520 0.01510 0.01500 0.01490 0.01479 0.01469 0.01459 0.01449 0.01439 0.01429 0.01420 0.01410 0.01401 0.01392 0.01383 0.01373 0.01365 0.01356 0.01347 0.01338 0.01330 0.01321 0.01314 0.01305 0.01297 0.01289 0.01281 0.01273 0.01266 0.01259 0.01251 0.01243 0.01236 0.01229 0.01222 0.01216 0.01209 
TASK          G_EPOCH_NUM CLIENT_NUM L_DATA_NUM L_EPOCH_NUM L_BATCH_SIZE L_LR
SpeechCommand        1000          5       6000           5           64 0.01
0.01653 0.01208 0.01095 0.00993 0.00945 0.00896 0.00905 0.00882 0.00866 0.00871 0.00864 0.00869 0.00840 0.00815 0.00826 0.00808 0.00806 0.00789 0.00816 0.00825 0.00800 0.00794 0.00805 0.00794 0.00788 0.00781 0.00770 0.00789 0.00767 0.00774 0.00794 0.00766 0.00757 0.00770 0.00772 0.00753 0.00789 0.00793 0.00768 0.00759 0.00749 0.00791 0.00790 0.00789 0.00751 0.00745 0.00754 0.00784 0.00777 0.00778 0.00785 0.00771 0.00772 0.00794 0.00780 0.00777 0.00767 0.00795 0.00782 0.00765 0.00791 0.00744 0.00758 0.00757 0.00766 0.00762 0.00728 0.00754 0.00769 0.00732 0.00765 0.00752 0.00752 0.00731 0.00761 0.00785 0.00757 0.00785 0.00760 0.00733 0.00741 0.00749 0.00749 0.00744 0.00752 0.00744 0.00761 0.00770 0.00762 0.00750 0.00762 0.00742 0.00757 0.00755 0.00754 0.00785 0.00732 0.00731 0.00747 0.00755 
TASK          G_EPOCH_NUM CLIENT_NUM L_DATA_NUM L_EPOCH_NUM L_BATCH_SIZE L_LR
FashionMNIST        1000          5       6000           5           64 0.005
0.03393 0.02371 0.01943 0.01793 0.01384 0.01311 0.01268 0.01224 0.01198 0.01166 0.01144 0.01127 0.01107 0.01090 0.00751 0.00725 0.00703 0.00689 0.00676 0.00665 0.00657 0.00653 0.00637 0.00632 0.00629 0.00615 0.00607 0.00602 0.00595 0.00592 0.00586 0.00578 0.00576 0.00575 0.00570 0.00564 0.00563 0.00558 0.00556 0.00550 0.00547 0.00545 0.00542 0.00542 0.00540 0.00535 0.00535 0.00531 0.00529 0.00528 0.00528 0.00527 0.00520 0.00519 0.00521 0.00516 0.00515 0.00519 0.00520 0.00513 0.00512 0.00513 0.00515 0.00512 0.00506 0.00509 0.00508 0.00507 0.00507 0.00502 0.00503 0.00505 0.00503 0.00501 0.00500 0.00500 0.00501 0.00502 0.00500 0.00500 0.00504 0.00499 0.00502 0.00503 0.00501 0.00498 0.00499 0.00499 0.00509 0.00500 0.00496 0.00505 0.00500 0.00496 0.00507 0.00501 0.00498 0.00505 0.00499 0.00506 
TASK          G_EPOCH_NUM CLIENT_NUM L_DATA_NUM L_EPOCH_NUM L_BATCH_SIZE L_LR
AG_NEWS             1000          5       6000           5           64 0.05
0.02154 0.02122 0.02087 0.02049 0.02005 0.01956 0.01902 0.01846 0.01787 0.01728 0.01670 0.01612 0.01557 0.01503 0.01451 0.01403 0.01357 0.01313 0.01273 0.01235 0.01200 0.01168 0.01137 0.01109 0.01083 0.01059 0.01035 0.01014 0.00994 0.00976 0.00959 0.00943 0.00927 0.00913 0.00899 0.00887 0.00876 0.00864 0.00853 0.00843 0.00833 0.00825 0.00815 0.00807 0.00800 0.00791 0.00785 0.00777 0.00771 0.00765 0.00758 0.00753 0.00747 0.00742 0.00738 0.00732 0.00728 0.00723 0.00718 0.00715 0.00711 0.00706 0.00702 0.00698 0.00695 0.00691 0.00688 0.00685 0.00682 0.00679 0.00677 0.00673 0.00670 0.00667 0.00665 0.00663 0.00659 0.00657 0.00656 0.00652 0.00651 0.00648 0.00646 0.00644 0.00642 0.00640 0.00639 0.00637 0.00634 0.00633 0.00631 0.00629 0.00628 0.00626 0.00625 0.00624 0.00622 0.00620 0.00619 0.00618 
TASK          G_EPOCH_NUM CLIENT_NUM L_DATA_NUM L_EPOCH_NUM L_BATCH_SIZE L_LR
AG_NEWS             1000          5       6000           5           64 0.075
0.02128 0.02072 0.02008 0.01934 0.01854 0.01770 0.01685 0.01601 0.01522 0.01447 0.01379 0.01316 0.01260 0.01208 0.01162 0.01120 0.01082 0.01048 0.01017 0.00989 0.00963 0.00940 0.00919 0.00900 0.00883 0.00865 0.00850 0.00837 0.00824 0.00812 0.00801 0.00790 0.00780 0.00772 0.00762 0.00755 0.00747 0.00740 0.00733 0.00726 0.00720 0.00714 0.00710 0.00703 0.00699 0.00694 0.00689 0.00685 0.00681 0.00676 0.00672 0.00669 0.00665 0.00662 0.00659 0.00656 0.00653 0.00650 0.00647 0.00645 0.00642 0.00639 0.00636 0.00634 0.00632 0.00630 0.00628 0.00626 0.00623 0.00621 0.00620 0.00618 0.00616 0.00615 0.00613 0.00612 0.00610 0.00608 0.00608 0.00606 0.00605 0.00602 0.00601 0.00599 0.00599 0.00597 0.00596 0.00596 0.00594 0.00594 0.00592 0.00590 0.00589 0.00589 0.00587 0.00587 0.00585 0.00585 0.00585 0.00583 
TASK          G_EPOCH_NUM CLIENT_NUM L_DATA_NUM L_EPOCH_NUM L_BATCH_SIZE L_LR
AG_NEWS             1000          5       6000           5           64  0.1
0.02099 0.02015 0.01918 0.01809 0.01696 0.01586 0.01481 0.01385 0.01300 0.01225 0.01160 0.01102 0.01053 0.01010 0.00973 0.00940 0.00910 0.00885 0.00862 0.00842 0.00823 0.00806 0.00791 0.00778 0.00765 0.00753 0.00743 0.00733 0.00724 0.00715 0.00707 0.00700 0.00693 0.00687 0.00681 0.00674 0.00670 0.00664 0.00659 0.00656 0.00651 0.00647 0.00643 0.00639 0.00635 0.00632 0.00629 0.00626 0.00623 0.00620 0.00618 0.00616 0.00613 0.00610 0.00608 0.00606 0.00604 0.00602 0.00600 0.00599 0.00596 0.00595 0.00593 0.00591 0.00590 0.00589 0.00587 0.00586 0.00585 0.00584 0.00582 0.00581 0.00581 0.00579 0.00578 0.00577 0.00576 0.00575 0.00574 0.00574 0.00572 0.00572 0.00571 0.00571 0.00570 0.00569 0.00569 0.00568 0.00567 0.00567 0.00566 0.00565 0.00565 0.00564 0.00564 0.00564 0.00563 0.00563 0.00563 0.00562 
TASK          G_EPOCH_NUM CLIENT_NUM L_DATA_NUM L_EPOCH_NUM L_BATCH_SIZE L_LR
FashionMNIST        1000          3       6000           5           64 0.005
0.03164 0.01356 0.01145 0.01059 0.00996 0.00962 0.00919 0.00878 0.00848 0.00830 0.00804 0.00781 0.00764 0.00755 0.00736 0.00723 0.00708 0.00700 0.00694 0.00683 0.00671 0.00669 0.00657 0.00652 0.00652 0.00646 0.00635 0.00631 0.00624 0.00619 0.00620 0.00627 0.00625 0.00607 0.00615 0.00606 0.00603 0.00595 0.00598 0.00594 0.00600 0.00595 0.00591 0.00602 0.00589 0.00591 0.00594 0.00583 0.00585 0.00584 0.00584 0.00584 0.00578 0.00580 0.00581 0.00578 0.00577 0.00585 0.00582 0.00582 0.00582 0.00593 0.00588 0.00580 0.00584 0.00580 0.00583 0.00589 0.00581 0.00586 0.00588 0.00592 0.00593 0.00588 0.00589 0.00592 0.00592 0.00592 0.00596 0.00600 0.00603 0.00604 0.00603 0.00603 0.00607 0.00614 0.00619 0.00616 0.00626 0.00616 0.00619 0.00622 0.00620 0.00622 0.00628 0.00631 0.00648 0.00652 0.00635 0.00647 
TASK          G_EPOCH_NUM CLIENT_NUM L_DATA_NUM L_EPOCH_NUM L_BATCH_SIZE L_LR
FashionMNIST        1000          4       6000           5           64 0.005
0.03560 0.02844 0.02163 0.02032 0.01981 0.01944 0.01914 0.01666 0.01579 0.01538 0.01506 0.01492 0.01461 0.01440 0.01425 0.01417 0.01397 0.01391 0.01374 0.01366 0.01355 0.01349 0.01343 0.01334 0.01324 0.01319 0.01315 0.01308 0.01314 0.01297 0.01293 0.01287 0.01286 0.01279 0.01277 0.01272 0.01267 0.01268 0.01263 0.01258 0.01258 0.01260 0.01253 0.01251 0.01255 0.01251 0.01246 0.01248 0.01245 0.01247 0.01240 0.01236 0.01238 0.01236 0.01238 0.01233 0.01229 0.01236 0.01230 0.01229 0.01227 0.01232 0.01227 0.01225 0.01226 0.01228 0.01232 0.01223 0.01228 0.01224 0.01221 0.01222 0.01222 0.01221 0.01222 0.01222 0.01220 0.01224 0.01218 0.01222 0.01223 0.01218 0.01219 0.01218 0.01225 0.01220 0.01219 0.01223 0.01219 0.01224 0.01227 0.01226 0.01222 0.01224 0.01220 0.01223 0.01227 0.01223 0.01224 0.01231 
TASK          G_EPOCH_NUM CLIENT_NUM L_DATA_NUM L_EPOCH_NUM L_BATCH_SIZE L_LR
FashionMNIST        1000          5       6000           5           64 0.005
0.03573 0.02417 0.01323 0.01167 0.01079 0.01028 0.00961 0.00915 0.00883 0.00843 0.00811 0.00787 0.00777 0.00746 0.00726 0.00713 0.00697 0.00680 0.00665 0.00653 0.00646 0.00638 0.00626 0.00620 0.00616 0.00605 0.00602 0.00594 0.00593 0.00586 0.00583 0.00576 0.00574 0.00572 0.00567 0.00564 0.00562 0.00563 0.00556 0.00551 0.00547 0.00545 0.00546 0.00546 0.00539 0.00541 0.00536 0.00530 0.00534 0.00529 0.00526 0.00523 0.00523 0.00526 0.00521 0.00520 0.00517 0.00519 0.00516 0.00514 0.00511 0.00509 0.00514 0.00513 0.00507 0.00510 0.00508 0.00504 0.00504 0.00507 0.00501 0.00501 0.00505 0.00504 0.00503 0.00502 0.00501 0.00499 0.00498 0.00498 0.00506 0.00503 0.00498 0.00499 0.00508 0.00506 0.00503 0.00503 0.00500 0.00502 0.00503 0.00498 0.00500 0.00501 0.00502 0.00501 0.00503 0.00505 0.00508 0.00506 
TASK          G_EPOCH_NUM CLIENT_NUM L_DATA_NUM L_EPOCH_NUM L_BATCH_SIZE L_LR
FashionMNIST        1000          6       6000           5           64 0.005
0.02326 0.01548 0.01417 0.01356 0.01314 0.01272 0.01240 0.01209 0.01176 0.01149 0.01130 0.01109 0.01087 0.01072 0.01055 0.01040 0.01027 0.01019 0.01011 0.00996 0.00988 0.00982 0.00970 0.00965 0.00956 0.00956 0.00943 0.00941 0.00933 0.00930 0.00923 0.00921 0.00917 0.00912 0.00909 0.00905 0.00901 0.00900 0.00899 0.00893 0.00891 0.00893 0.00886 0.00884 0.00880 0.00878 0.00879 0.00874 0.00872 0.00872 0.00869 0.00867 0.00864 0.00863 0.00862 0.00858 0.00857 0.00858 0.00853 0.00853 0.00849 0.00848 0.00850 0.00848 0.00845 0.00843 0.00833 0.00528 0.00526 0.00521 0.00519 0.00517 0.00517 0.00514 0.00515 0.00511 0.00514 0.00511 0.00506 0.00505 0.00506 0.00506 0.00504 0.00502 0.00506 0.00502 0.00498 0.00501 0.00499 0.00497 0.00494 0.00494 0.00497 0.00494 0.00493 0.00495 0.00492 0.00492 0.00493 0.00493 
TASK          G_EPOCH_NUM CLIENT_NUM L_DATA_NUM L_EPOCH_NUM L_BATCH_SIZE L_LR
FashionMNIST        1000          7       6000           5           64 0.005
0.03190 0.02769 0.02418 0.02349 0.02309 0.02280 0.02259 0.02241 0.01894 0.01864 0.01849 0.01834 0.01824 0.01812 0.01803 0.01795 0.01788 0.01779 0.01772 0.01764 0.01758 0.01751 0.01745 0.01434 0.01394 0.01366 0.01344 0.01323 0.01308 0.01298 0.01287 0.01279 0.01270 0.01266 0.01260 0.01252 0.01245 0.01242 0.01240 0.01236 0.01231 0.01228 0.01225 0.01224 0.01218 0.01220 0.01216 0.01212 0.01210 0.01205 0.01204 0.01219 0.01197 0.01196 0.01197 0.01194 0.01193 0.01191 0.01186 0.01184 0.01182 0.01183 0.01179 0.01180 0.01179 0.01178 0.01174 0.01172 0.01172 0.01170 0.01168 0.01166 0.01165 0.00603 0.00565 0.00553 0.00550 0.00546 0.00536 0.00531 0.00529 0.00527 0.00525 0.00523 0.00522 0.00519 0.00516 0.00515 0.00511 0.00515 0.00510 0.00509 0.00506 0.00506 0.00507 0.00504 0.00501 0.00501 0.00499 0.00499 
TASK          G_EPOCH_NUM CLIENT_NUM L_DATA_NUM L_EPOCH_NUM L_BATCH_SIZE L_LR
SpeechCommand        1000          3       6000           5           64 0.01
0.01627 0.01335 0.01414 0.01264 0.01166 0.01154 0.01113 0.01220 0.01178 0.01188 0.01189 0.01203 0.01172 0.01187 0.01217 0.01144 0.01196 0.01171 0.01191 0.01182 0.01164 0.01176 0.01196 0.01203 0.01181 0.01154 0.01206 0.01196 0.01193 0.01135 0.01216 0.01112 0.01172 0.01192 0.01219 0.01167 0.01161 0.01155 0.01130 0.01219 0.01137 0.01100 0.01128 0.01198 0.01205 0.01183 0.01149 0.01146 0.01212 0.01206 0.01150 0.01162 0.01232 0.01094 0.01158 0.01149 0.01128 0.01169 0.01135 0.01121 0.01161 0.01137 0.01177 0.01159 0.01185 0.01189 0.01116 0.01127 0.01133 0.01180 0.01215 0.01140 0.01112 0.01144 0.01129 0.01130 0.01106 0.01151 0.01146 0.01113 0.01138 0.01258 0.01128 0.01170 0.01159 0.01117 0.01182 0.01173 0.01100 0.01139 0.01150 0.01127 0.01168 0.01117 0.01144 0.01084 0.01111 0.01122 0.01084 0.01127 
TASK          G_EPOCH_NUM CLIENT_NUM L_DATA_NUM L_EPOCH_NUM L_BATCH_SIZE L_LR
SpeechCommand        1000          4       6000           5           64 0.01
0.01697 0.01228 0.01136 0.01017 0.01140 0.01043 0.00999 0.01037 0.01034 0.01061 0.00996 0.00981 0.01029 0.01037 0.01005 0.01042 0.01067 0.00989 0.00985 0.01011 0.00973 0.01044 0.01021 0.00966 0.01026 0.00970 0.00994 0.01019 0.00969 0.00982 0.00997 0.00957 0.01002 0.00986 0.01001 0.00999 0.01000 0.00990 0.01011 TASK          G_EPOCH_NUM CLIENT_NUM L_DATA_NUM L_EPOCH_NUM L_BATCH_SIZE L_LR
FashionMNIST        1000          3       6000           5           64 0.005
0.54840 0.63030 0.66490 0.67720 0.68830 0.69900 0.70940 0.71660 0.72330 0.72850 0.73320 0.74230 0.74460 0.74760 0.75540 0.75630 0.76040 0.76320 0.76350 0.76320 0.76310 0.76900 0.77330 0.77360 0.77600 0.77700 0.77530 0.77830 0.77690 0.77880 0.78050 0.78160 0.78110 0.78050 0.78380 0.78380 0.78360 0.78560 0.78680 0.78770 0.78900 0.78890 0.78770 0.78950 0.78990 0.79020 0.79170 0.79280 0.79030 0.78880 0.79200 0.79110 0.79170 0.79300 0.79330 0.79200 0.79340 0.79520 0.79210 0.79390 0.79580 0.79440 0.79300 0.79570 0.79590 0.79540 0.79450 0.79440 0.79580 0.79480 0.79540 0.79590 0.79550 0.79200 0.79430 0.79460 0.79510 0.79610 0.79610 0.79290 0.79470 0.79550 0.79730 0.79590 0.79700 0.79540 0.79450 0.79480 0.79460 0.79530 0.79600 0.79510 0.79480 0.87840 0.87930 0.87950 0.87840 0.87640 0.87980 0.88080 
TASK          G_EPOCH_NUM CLIENT_NUM L_DATA_NUM L_EPOCH_NUM L_BATCH_SIZE L_LR
FashionMNIST        1000          4       6000           5           64 0.005
0.47830 0.57300 0.60210 0.61300 0.70130 0.74650 0.75190 0.76210 0.77000 0.77810 0.78170 0.78560 0.78800 0.78980 0.79210 0.79290 0.79570 0.79970 0.80080 0.80250 0.80270 0.80560 0.80560 0.80970 0.81150 0.81160 0.81360 0.81440 0.81170 0.81560 0.81540 0.81610 0.81790 0.81600 0.81590 0.81850 0.82080 0.82020 0.81980 0.82250 0.82260 0.82190 0.82320 0.82290 0.82360 0.82360 0.82500 0.82410 0.82480 0.82540 0.82570 0.82630 0.82800 0.82670 0.82680 0.82660 0.82780 0.82770 0.82800 0.82800 0.82630 0.82710 0.82880 0.82920 0.82860 0.82870 0.82920 0.82820 0.82960 0.83150 0.82910 0.87580 0.87590 0.87850 0.87670 0.87910 0.87940 0.87880 0.87810 0.87810 0.87950 0.87980 0.87960 0.88180 0.88030 0.87950 0.88080 0.87950 0.87770 0.88140 0.88040 0.88250 0.88030 0.87950 0.88300 0.88060 0.88270 0.88250 0.88180 0.88170 
TASK          G_EPOCH_NUM CLIENT_NUM L_DATA_NUM L_EPOCH_NUM L_BATCH_SIZE L_LR
FashionMNIST        1000          5       6000           5           64 0.005
0.48410 0.61200 0.63620 0.64830 0.74730 0.75360 0.76140 0.76920 0.77720 0.78210 0.78390 0.78930 0.80480 0.81790 0.82190 0.82840 0.83380 0.83600 0.84090 0.84350 0.84410 0.84780 0.84810 0.85220 0.85250 0.85260 0.85660 0.85810 0.85860 0.86320 0.86120 0.86140 0.86370 0.86440 0.86670 0.86480 0.87000 0.86880 0.87000 0.86890 0.87270 0.87170 0.87140 0.87390 0.87480 0.87450 0.87380 0.87610 0.87690 0.87690 0.87720 0.87740 0.87780 0.87800 0.87720 0.87970 0.87770 0.87860 0.87860 0.87840 0.88180 0.88090 0.88200 0.88100 0.88100 0.87960 0.88190 0.88120 0.88080 0.88200 0.88350 0.88170 0.88320 0.88260 0.88480 0.88510 0.88450 0.88480 0.88280 0.88470 0.88330 0.88500 0.88500 0.88570 0.88320 0.88410 0.88560 0.88480 0.88520 0.88510 0.88680 0.88590 0.88690 0.88640 0.88730 0.88790 0.88680 0.88710 0.88510 0.88620 
TASK          G_EPOCH_NUM CLIENT_NUM L_DATA_NUM L_EPOCH_NUM L_BATCH_SIZE L_LR
FashionMNIST        1000          6       6000           5           64 0.005
0.42670 0.65570 0.68250 0.69580 0.70380 0.70930 0.71590 0.72140 0.72260 0.77920 0.78480 0.78690 0.78860 0.79140 0.79530 0.79840 0.80090 0.80180 0.80480 0.80730 0.80960 0.80930 0.81250 0.81360 0.81410 0.81660 0.81820 0.85120 0.85410 0.85570 0.86000 0.86180 0.86240 0.86490 0.86420 0.86460 0.86700 0.86800 0.86810 0.86920 0.86930 0.87230 0.87100 0.87070 0.87260 0.87400 0.87450 0.87500 0.87540 0.87480 0.87560 0.87730 0.87700 0.87650 0.87810 0.87740 0.87860 0.87970 0.88010 0.88100 0.88000 0.88150 0.88300 0.87970 0.88230 0.88130 0.88330 0.88230 0.88480 0.88440 0.88520 0.88410 0.88470 0.88590 0.88540 0.88660 0.88470 0.88690 0.88580 0.88700 0.88690 0.88740 0.88750 0.88730 0.88650 0.88760 0.88880 0.88750 0.88800 0.88790 0.88680 0.88740 0.88410 0.88820 0.88820 0.88890 0.89000 0.88950 0.89020 0.88930 
TASK          G_EPOCH_NUM CLIENT_NUM L_DATA_NUM L_EPOCH_NUM L_BATCH_SIZE L_LR
FashionMNIST        1000          7       6000           5           64 0.005
0.52030 0.63990 0.66530 0.67890 0.69030 0.69600 0.70740 0.71480 0.78970 0.79670 0.80710 0.81170 0.81880 0.82780 0.83330 0.83580 0.84080 0.84370 0.84640 0.84790 0.85020 0.85460 0.85610 0.85570 0.85750 0.86120 0.86060 0.86110 0.86470 0.86450 0.86620 0.86640 0.86740 0.86970 0.86810 0.87110 0.87110 0.86950 0.87060 0.87220 0.87360 0.87400 0.87380 0.87410 0.87510 0.87630 0.87560 0.87750 0.87690 0.87890 0.87900 0.88000 0.88180 0.88350 0.88160 0.88270 0.88340 0.88400 0.88330 0.88240 0.88410 0.88400 0.88430 0.88650 0.88640 0.88630 0.88640 0.88850 0.88680 0.88790 0.88910 0.89010 0.88960 0.88850 0.88900 0.88980 0.89060 0.88940 0.89110 0.89080 0.89120 0.89100 0.88970 0.89210 0.89290 0.89280 0.89080 0.89280 0.89260 0.89420 0.89460 0.89270 0.89310 0.89220 0.89430 0.89410 0.89500 0.89320 0.89390 0.89460 
TASK          G_EPOCH_NUM CLIENT_NUM L_DATA_NUM L_EPOCH_NUM L_BATCH_SIZE L_LR
SpeechCommand        1000          3       6000           5           64 0.01
0.69559 0.75175 0.76429 0.79328 0.79727 0.77919 0.78900 0.79609 0.78401 0.80045 0.80563 0.76892 0.80118 0.79900 0.80164 0.80809 0.79364 0.80918 0.80145 0.80382 0.80045 0.80300 0.80872 0.79073 0.79291 0.81045 0.81381 0.80191 0.80445 0.80591 0.80800 0.80136 0.80736 0.81345 0.80927 0.81245 0.79664 0.79982 0.81136 0.81045 0.81181 0.81018 0.80000 0.80872 0.81736 0.81336 0.79882 0.81100 0.80945 0.80918 0.81363 0.80945 0.81209 0.81118 0.81027 0.81127 0.80409 0.81327 0.80227 0.81018 0.80373 0.80436 0.81081 0.80772 0.81327 0.80891 0.79064 0.80554 0.80145 0.80763 0.81281 0.80718 0.80645 0.80382 0.80391 0.81599 0.80954 0.80563 0.80954 0.80854 0.81499 0.81254 0.81163 0.80981 0.80981 0.81572 0.81318 0.81890 0.80563 0.81172 0.80900 0.81109 0.80845 0.80682 0.80363 0.81245 0.81127 0.80654 0.81000 0.81681 
TASK          G_EPOCH_NUM CLIENT_NUM L_DATA_NUM L_EPOCH_NUM L_BATCH_SIZE L_LR
SpeechCommand        1000          4       6000           5           64 0.01
0.62881 0.76910 0.78937 0.80482 0.80745 0.81899 0.82908 0.82608 0.82626 0.82472 0.82881 0.83580 0.82054 0.83017 0.82708 0.83335 0.83744 0.83562 0.83707 0.83553 0.83871 0.84025 0.83680 0.84525 0.83626 0.84716 0.84516 0.84680 0.84525 0.83816 0.84425 0.83935 0.84434 0.84498 0.84871 0.84371 0.84734 0.83998 0.84162 0.84625 0.83689 0.84153 0.84525 0.84698 0.84407 0.84325 0.84489 0.84371 0.84380 0.84989 0.84225 0.84443 0.84752 0.84552 0.84743 0.84798 0.84816 0.84571 0.84498 0.84807 0.84780 0.84607 0.84380 0.84861 0.84598 0.84562 0.85061 0.84643 0.84598 0.84625 0.85198 0.84634 0.84861 0.85298 0.84516 0.84907 0.84934 0.84571 0.84334 0.84989 0.84116 0.85043 0.84980 0.84780 0.84698 0.84198 0.85034 0.84434 0.85170 0.85216 0.85343 0.84761 0.84316 0.84925 0.84743 0.84580 0.84816 0.84471 0.84798 0.84952 
TASK          G_EPOCH_NUM CLIENT_NUM L_DATA_NUM L_EPOCH_NUM L_BATCH_SIZE L_LR
SpeechCommand        1000          5       6000           5           64 0.01
0.70559 0.77338 0.79827 0.80618 0.81935 0.82399 0.82690 0.83162 0.83426 0.82581 0.83626 0.83844 0.83571 0.83426 0.83498 0.84407 0.83898 0.84516 0.84289 0.84389 0.83626 0.83617 0.83553 0.84207 0.84298 0.83971 0.84443 0.84907 0.84534 0.85098 0.84562 0.84807 0.85225 0.84798 0.84480 0.85016 0.84880 0.84771 0.85343 0.84998 0.84934 0.85098 0.85816 0.85043 0.85007 0.85334 0.84752 0.85625 0.85697 0.85825 0.85479 0.85361 0.85525 0.85225 0.86152 0.85534 0.85543 0.85770 0.86361 0.85870 0.85697 0.85734 0.85779 0.85725 0.85861 0.85861 0.85697 0.86324 0.85561 0.86188 0.86061 0.85743 0.86424 0.86288 0.85943 0.85134 0.86124 0.86206 0.85752 0.85398 0.86243 0.85816 0.86124 0.86406 0.85988 0.86224 0.86533 0.86288 0.86106 0.85697 0.86170 0.86124 0.85816 0.86088 0.85816 0.86179 0.86143 0.86197 0.85152 0.85706 
TASK          G_EPOCH_NUM CLIENT_NUM L_DATA_NUM L_EPOCH_NUM L_BATCH_SIZE L_LR
SpeechCommand        1000          6       6000           5           64 0.01
0.69359 0.77465 0.80373 0.81726 0.82826 0.83071 0.83925 0.84389 0.84543 0.84580 0.84652 0.85134 0.84716 0.85561 0.84789 0.85207 0.84771 0.85388 0.85325 0.85570 0.85770 0.85879 0.86261 0.85561 0.86561 0.86070 0.86234 0.85906 0.86134 0.86006 0.86443 0.86106 0.86143 0.86370 0.86333 0.86452 0.86533 0.86742 0.86915 0.86642 0.86552 0.86806 0.86633 0.86588 0.86515 0.86715 0.86424 0.86942 0.86588 0.86597 0.86960 0.86388 0.86697 0.86797 0.86933 0.86870 0.86870 0.87097 0.86861 0.86515 0.86833 0.86942 0.86570 0.86506 0.87260 0.87297 0.86770 0.86815 0.86452 0.87051 0.86951 0.86624 0.87015 0.86942 0.86261 0.87269 0.87051 0.86633 0.87378 0.87315 0.87024 0.87197 0.87151 0.87251 0.86988 0.87060 0.87033 0.86906 0.86997 0.87587 0.87488 0.86661 0.86970 0.87215 0.87424 0.86642 0.86951 0.86888 0.87070 0.87224 
TASK          G_EPOCH_NUM CLIENT_NUM L_DATA_NUM L_EPOCH_NUM L_BATCH_SIZE L_LR
SpeechCommand        1000          7       6000           5           64 0.01
0.67324 0.77665 0.79973 0.81854 0.83335 0.83371 0.84425 0.84780 0.85425 0.85661 0.85579 0.85725 0.85607 0.86415 0.86388 0.86115 0.86988 0.86779 0.86234 0.86579 0.86979 0.86606 0.87033 0.86770 0.87151 0.86715 0.87251 0.87315 0.86806 0.87360 0.86906 0.87433 0.86761 0.87106 0.87333 0.87160 0.86761 0.87279 0.87097 0.87442 0.87006 0.87433 0.87651 0.87160 0.87633 0.87551 0.87751 0.87724 0.87179 0.87424 0.87660 0.87051 0.87806 0.87569 0.87088 0.87733 0.87169 0.87115 0.87288 0.87678 0.87842 0.87106 0.87151 0.87733 0.86942 0.86960 0.87415 0.87442 0.87433 0.87506 0.87660 0.87424 0.87778 0.87569 0.87633 0.87360 0.87651 0.87533 0.87615 0.87651 0.87460 0.87578 0.87542 0.87560 0.87515 0.87551 0.87669 0.87488 0.87497 0.87197 0.87860 0.87769 0.87715 0.87478 0.87697 0.87824 0.87733 0.87815 0.87633 0.87142 
TASK          G_EPOCH_NUM CLIENT_NUM L_DATA_NUM L_EPOCH_NUM L_BATCH_SIZE L_LR
AG_NEWS             1000          3       6000           5           64  0.1
0.41211 0.49053 0.54039 0.58079 0.61921 0.64961 0.67737 0.70000 0.72066 0.73408 0.75145 0.76237 0.77566 0.78474 0.79276 0.79921 0.80474 0.81132 0.81487 0.82013 0.82355 0.82776 0.82934 0.83184 0.83553 0.83803 0.84105 0.84224 0.84526 0.84776 0.85026 0.85105 0.85342 0.85513 0.85579 0.85737 0.85868 0.85947 0.86053 0.86158 0.86171 0.86250 0.86289 0.86355 0.86447 0.86487 0.86592 0.86645 0.86750 0.86776 0.86803 0.86855 0.86974 0.87105 0.87184 0.87211 0.87329 0.87382 0.87355 0.87316 0.87355 0.87395 0.87447 0.87513 0.87553 0.87579 0.87618 0.87605 0.87618 0.87671 0.87697 0.87763 0.87789 0.87803 0.87803 0.87816 0.87855 0.87882 0.87882 0.87855 0.87789 0.87789 0.87803 0.87803 0.87789 0.87789 0.87829 0.87829 0.87855 0.87868 0.87921 0.87987 0.88000 0.88026 0.88013 0.87987 0.87987 0.87987 0.88000 0.87987 
TASK          G_EPOCH_NUM CLIENT_NUM L_DATA_NUM L_EPOCH_NUM L_BATCH_SIZE L_LR
AG_NEWS             1000          4       6000           5           64  0.1
0.40026 0.48329 0.53092 0.57092 0.60711 0.64395 0.67145 0.69921 0.72184 0.73961 0.75211 0.76645 0.77763 0.78763 0.79605 0.80355 0.80776 0.81237 0.81882 0.82224 0.82737 0.83132 0.83382 0.83697 0.83882 0.84329 0.84632 0.84671 0.84868 0.85118 0.85263 0.85487 0.85539 0.85697 0.85789 0.85868 0.85842 0.85934 0.86066 0.86158 0.86250 0.86342 0.86408 0.86447 0.86539 0.86566 0.86645 0.86671 0.86737 0.86763 0.86776 0.86829 0.86895 0.86947 0.86947 0.87013 0.87066 0.87132 0.87145 0.87171 0.87237 0.87250 0.87329 0.87368 0.87487 0.87526 0.87553 0.87553 0.87553 0.87579 0.87605 0.87645 0.87684 0.87711 0.87737 0.87789 0.87776 0.87776 0.87789 0.87842 0.87855 0.87921 0.87947 0.87947 0.87987 0.87987 0.88000 0.88053 0.88079 0.88132 0.88184 0.88211 0.88250 0.88250 0.88224 0.88237 0.88250 0.88250 0.88289 0.88316 
TASK          G_EPOCH_NUM CLIENT_NUM L_DATA_NUM L_EPOCH_NUM L_BATCH_SIZE L_LR
AG_NEWS             1000          5       6000           5           64  0.1
0.42763 0.49355 0.54276 0.57803 0.61632 0.65105 0.68079 0.70474 0.72263 0.74039 0.75368 0.76289 0.77447 0.78355 0.79184 0.79737 0.80171 0.80605 0.81171 0.81618 0.82079 0.82605 0.83013 0.83382 0.83632 0.83816 0.84079 0.84303 0.84474 0.84618 0.84776 0.85026 0.85184 0.85289 0.85434 0.85553 0.85618 0.85697 0.85842 0.86026 0.86039 0.86145 0.86289 0.86474 0.86526 0.86579 0.86618 0.86658 0.86737 0.86842 0.86908 0.86908 0.87000 0.87026 0.87066 0.87118 0.87145 0.87211 0.87289 0.87395 0.87447 0.87434 0.87461 0.87487 0.87553 0.87592 0.87618 0.87645 0.87684 0.87776 0.87842 0.87908 0.87921 0.87947 0.88000 0.88026 0.88066 0.88105 0.88118 0.88171 0.88197 0.88171 0.88184 0.88184 0.88158 0.88184 0.88224 0.88250 0.88276 0.88316 0.88316 0.88303 0.88316 0.88316 0.88395 0.88408 0.88395 0.88395 0.88421 0.88382 
TASK          G_EPOCH_NUM CLIENT_NUM L_DATA_NUM L_EPOCH_NUM L_BATCH_SIZE L_LR
AG_NEWS             1000          6       6000           5           64  0.1
0.41026 0.47868 0.52395 0.56039 0.60434 0.64658 0.67803 0.70342 0.72342 0.73908 0.75487 0.76684 0.77868 0.78671 0.79461 0.79895 0.80553 0.81118 0.81618 0.82039 0.82421 0.82868 0.83158 0.83474 0.83789 0.83974 0.84250 0.84434 0.84513 0.84789 0.84961 0.85118 0.85289 0.85382 0.85434 0.85539 0.85711 0.85882 0.85974 0.86092 0.86171 0.86263 0.86355 0.86382 0.86539 0.86618 0.86697 0.86737 0.86803 0.86868 0.86947 0.87026 0.87132 0.87145 0.87224 0.87316 0.87355 0.87382 0.87421 0.87461 0.87474 0.87553 0.87605 0.87645 0.87671 0.87684 0.87711 0.87711 0.87724 0.87763 0.87789 0.87803 0.87855 0.87855 0.87921 0.87947 0.87987 0.88013 0.88039 0.88066 0.88092 0.88118 0.88132 0.88237 0.88237 0.88276 0.88316 0.88329 0.88316 0.88329 0.88329 0.88355 0.88395 0.88421 0.88421 0.88368 0.88368 0.88382 0.88421 0.88421 
TASK          G_EPOCH_NUM CLIENT_NUM L_DATA_NUM L_EPOCH_NUM L_BATCH_SIZE L_LR
AG_NEWS             1000          7       6000           5           64  0.1
0.37276 0.47829 0.53342 0.57671 0.61697 0.64855 0.68211 0.70368 0.72316 0.73711 0.75132 0.76487 0.77605 0.78632 0.79513 0.80276 0.80803 0.81079 0.81684 0.82145 0.82539 0.82763 0.83105 0.83329 0.83671 0.83776 0.83908 0.84132 0.84303 0.84539 0.84724 0.84789 0.84934 0.85013 0.85171 0.85382 0.85500 0.85684 0.85908 0.86039 0.86092 0.86237 0.86276 0.86408 0.86447 0.86487 0.86579 0.86645 0.86737 0.86763 0.86882 0.86921 0.86947 0.86974 0.87092 0.87145 0.87237 0.87276 0.87316 0.87342 0.87382 0.87382 0.87395 0.87434 0.87526 0.87579 0.87605 0.87697 0.87776 0.87842 0.87908 0.87961 0.88013 0.88039 0.88053 0.88118 0.88224 0.88276 0.88250 0.88276 0.88276 0.88276 0.88263 0.88289 0.88289 0.88316 0.88342 0.88368 0.88368 0.88408 0.88447 0.88474 0.88487 0.88539 0.88553 0.88539 0.88579 0.88592 0.88579 0.88579 
