TASK          G_EPOCH_NUM CLIENT_NUM L_DATA_NUM L_EPOCH_NUM L_BATCH_SIZE L_LR
FashionMNIST        1000          5       6000           5           64 0.01
0.01643 0.01133 0.00978 0.00905 0.00838 0.00795 0.00761 0.00717 0.00689 0.00664 0.00651 0.00634 0.00613 0.00601 0.00587 0.00581 0.00568 0.00563 0.00555 0.00547 0.00544 0.00536 0.00529 0.00525 0.00526 0.00519 0.00516 0.00509 0.00515 0.00503 0.00500 0.00500 0.00498 0.00498 0.00492 0.00491 0.00488 0.00488 0.00491 0.00488 0.00486 0.00484 0.00489 0.00485 0.00488 0.00482 0.00487 0.00488 0.00486 0.00482 0.00484 0.00487 0.00489 0.00487 0.00486 0.00490 0.00491 0.00494 0.00493 0.00495 0.00500 0.00497 0.00500 0.00506 0.00500 0.00502 0.00508 0.00507 0.00509 0.00512 0.00515 0.00514 0.00520 0.00527 0.00525 0.00531 0.00536 0.00532 0.00530 0.00535 0.00537 0.00552 0.00543 0.00548 0.00554 0.00567 0.00564 0.00563 0.00568 0.00578 0.00576 0.00577 0.00586 0.00592 0.00613 0.00601 0.00603 0.00613 0.00615 0.00632 
TASK          G_EPOCH_NUM CLIENT_NUM L_DATA_NUM L_EPOCH_NUM L_BATCH_SIZE L_LR
AG_NEWS             1000          5       6000           5           64 0.01
0.02158 0.02151 0.02144 0.02137 0.02129 0.02122 0.02114 0.02107 0.02099 0.02092 0.02083 0.02075 0.02067 0.02059 0.02050 0.02041 0.02032 0.02023 0.02013 0.02004 0.01994 0.01984 0.01974 0.01963 0.01952 0.01942 0.01931 0.01920 0.01909 0.01898 0.01886 0.01875 0.01863 0.01852 0.01840 0.01828 0.01817 0.01805 0.01793 0.01781 0.01769 0.01757 0.01745 0.01734 0.01722 0.01710 0.01698 0.01687 0.01675 0.01664 0.01652 0.01640 0.01628 0.01617 0.01606 0.01595 0.01583 0.01573 0.01561 0.01551 0.01539 0.01529 0.01518 0.01508 0.01497 0.01487 0.01477 0.01466 0.01456 0.01447 0.01437 0.01427 0.01418 0.01408 0.01399 0.01390 0.01380 0.01372 0.01363 0.01354 0.01345 0.01337 0.01328 0.01320 0.01312 0.01304 0.01296 0.01288 0.01280 0.01273 0.01265 0.01258 0.01250 0.01244 0.01236 0.01229 0.01223 0.01216 0.01209 0.01203 
TASK          G_EPOCH_NUM CLIENT_NUM L_DATA_NUM L_EPOCH_NUM L_BATCH_SIZE L_LR
SpeechCommand        1000          5       6000           5           64 0.01
0.01638 0.01191 0.01031 0.00929 0.00917 0.00887 0.00860 0.00871 0.00851 0.00808 0.00853 0.00836 0.00800 0.00803 0.00788 0.00788 0.00791 0.00817 0.00791 0.00780 0.00779 0.00798 0.00779 0.00790 0.00787 0.00800 0.00801 0.00803 0.00787 0.00799 0.00808 0.00778 0.00806 0.00808 0.00784 0.00780 0.00798 0.00794 0.00772 0.00791 0.00800 0.00791 0.00779 0.00768 0.00800 0.00787 0.00789 0.00785 0.00767 0.00815 0.00784 0.00781 0.00816 0.00790 0.00786 0.00794 0.00794 0.00778 0.00798 0.00791 0.00770 0.00773 0.00787 0.00766 0.00774 0.00784 0.00764 0.00774 0.00769 0.00781 0.00782 0.00774 0.00793 0.00764 0.00769 0.00769 0.00788 0.00783 0.00794 0.00755 0.00791 0.00804 0.00784 0.00769 0.00802 0.00777 0.00773 0.00768 0.00782 0.00759 0.00747 0.00772 0.00765 0.00761 0.00787 0.00769 0.00794 0.00775 0.00766 0.00754 
TASK          G_EPOCH_NUM CLIENT_NUM L_DATA_NUM L_EPOCH_NUM L_BATCH_SIZE L_LR
FashionMNIST        1000          5       6000           5           64 0.005
0.02958 0.02447 0.02222 0.02082 0.01806 0.01695 0.01641 0.01600 0.01568 0.01528 0.01503 0.01477 0.01455 0.01172 0.01125 0.01099 0.01082 0.01058 0.01051 0.01030 0.01019 0.01010 0.01000 0.00992 0.00981 0.00975 0.00965 0.00961 0.00952 0.00953 0.00942 0.00937 0.00934 0.00927 0.00925 0.00921 0.00917 0.00917 0.00916 0.00908 0.00907 0.00907 0.00898 0.00897 0.00899 0.00894 0.00897 0.00890 0.00892 0.00886 0.00884 0.00884 0.00879 0.00884 0.00876 0.00878 0.00879 0.00874 0.00872 0.00874 0.00871 0.00870 0.00875 0.00869 0.00871 0.00867 0.00872 0.00864 0.00865 0.00875 0.00868 0.00864 0.00868 0.00870 0.00864 0.00864 0.00861 0.00866 0.00863 0.00863 0.00859 0.00867 0.00861 0.00866 0.00860 0.00866 0.00862 0.00863 0.00874 0.00863 0.00862 0.00861 0.00863 0.00863 0.00859 0.00863 0.00860 0.00870 0.00867 0.00864 
TASK          G_EPOCH_NUM CLIENT_NUM L_DATA_NUM L_EPOCH_NUM L_BATCH_SIZE L_LR
AG_NEWS             1000          5       6000           5           64 0.05
0.02129 0.02088 0.02044 0.01995 0.01943 0.01887 0.01829 0.01769 0.01709 0.01650 0.01591 0.01535 0.01481 0.01430 0.01382 0.01336 0.01293 0.01253 0.01216 0.01182 0.01150 0.01120 0.01092 0.01066 0.01043 0.01020 0.01000 0.00980 0.00962 0.00946 0.00929 0.00914 0.00901 0.00887 0.00875 0.00864 0.00852 0.00842 0.00832 0.00823 0.00814 0.00806 0.00798 0.00791 0.00783 0.00777 0.00770 0.00764 0.00758 0.00752 0.00747 0.00742 0.00737 0.00732 0.00727 0.00722 0.00718 0.00714 0.00710 0.00706 0.00702 0.00698 0.00695 0.00691 0.00688 0.00685 0.00682 0.00679 0.00676 0.00673 0.00670 0.00669 0.00665 0.00662 0.00660 0.00658 0.00656 0.00653 0.00652 0.00650 0.00647 0.00645 0.00643 0.00641 0.00640 0.00638 0.00636 0.00634 0.00633 0.00631 0.00629 0.00627 0.00627 0.00625 0.00623 0.00622 0.00620 0.00620 0.00618 0.00616 
TASK          G_EPOCH_NUM CLIENT_NUM L_DATA_NUM L_EPOCH_NUM L_BATCH_SIZE L_LR
AG_NEWS             1000          5       6000           5           64 0.075
0.02122 0.02063 0.01996 0.01919 0.01836 0.01750 0.01663 0.01579 0.01497 0.01421 0.01350 0.01287 0.01230 0.01178 0.01131 0.01091 0.01054 0.01021 0.00991 0.00964 0.00940 0.00919 0.00899 0.00880 0.00863 0.00848 0.00834 0.00821 0.00808 0.00797 0.00786 0.00776 0.00766 0.00758 0.00750 0.00743 0.00735 0.00728 0.00723 0.00715 0.00709 0.00704 0.00699 0.00694 0.00689 0.00684 0.00681 0.00675 0.00671 0.00667 0.00664 0.00661 0.00657 0.00654 0.00651 0.00648 0.00644 0.00642 0.00639 0.00637 0.00634 0.00632 0.00629 0.00627 0.00625 0.00623 0.00621 0.00619 0.00617 0.00616 0.00613 0.00612 0.00610 0.00609 0.00606 0.00606 0.00604 0.00603 0.00601 0.00600 0.00598 0.00597 0.00595 0.00595 0.00593 0.00592 0.00591 0.00590 0.00588 0.00588 0.00587 0.00586 0.00585 0.00584 0.00583 0.00582 0.00581 0.00580 0.00579 0.00578 
TASK          G_EPOCH_NUM CLIENT_NUM L_DATA_NUM L_EPOCH_NUM L_BATCH_SIZE L_LR
AG_NEWS             1000          5       6000           5           64  0.1
0.02113 0.02032 0.01934 0.01823 0.01705 0.01590 0.01481 0.01383 0.01296 0.01221 0.01156 0.01099 0.01051 0.01008 0.00972 0.00939 0.00911 0.00885 0.00862 0.00842 0.00824 0.00807 0.00793 0.00778 0.00766 0.00754 0.00744 0.00734 0.00725 0.00716 0.00708 0.00701 0.00695 0.00687 0.00681 0.00676 0.00670 0.00666 0.00661 0.00655 0.00651 0.00648 0.00643 0.00640 0.00637 0.00632 0.00629 0.00627 0.00624 0.00620 0.00618 0.00615 0.00613 0.00610 0.00609 0.00606 0.00604 0.00602 0.00600 0.00598 0.00596 0.00594 0.00593 0.00591 0.00590 0.00589 0.00586 0.00586 0.00584 0.00582 0.00581 0.00581 0.00579 0.00578 0.00578 0.00576 0.00576 0.00574 0.00573 0.00572 0.00571 0.00570 0.00569 0.00569 0.00568 0.00568 0.00567 0.00566 0.00566 0.00564 0.00564 0.00564 0.00563 0.00562 0.00562 0.00562 0.00561 0.00560 0.00560 0.00560 
TASK          G_EPOCH_NUM CLIENT_NUM L_DATA_NUM L_EPOCH_NUM L_BATCH_SIZE L_LR
FashionMNIST        1000          3       6000           5           64 0.005
0.02079 0.01202 0.01082 0.01019 0.00966 0.00925 0.00888 0.00866 0.00843 0.00807 0.00790 0.00767 0.00759 0.00738 0.00721 0.00712 0.00693 0.00685 0.00675 0.00664 0.00664 0.00665 0.00639 0.00633 0.00627 0.00627 0.00616 0.00613 0.00607 0.00604 0.00597 0.00594 0.00589 0.00588 0.00587 0.00579 0.00582 0.00579 0.00578 0.00578 0.00575 0.00570 0.00571 0.00570 0.00570 0.00564 0.00564 0.00590 0.00564 0.00563 0.00560 0.00564 0.00572 0.00570 0.00573 0.00572 0.00565 0.00569 0.00567 0.00574 0.00565 0.00570 0.00563 0.00571 0.00564 0.00581 0.00577 0.00572 0.00571 0.00576 0.00577 0.00586 0.00576 0.00580 0.00588 0.00585 0.00586 0.00587 0.00599 0.00587 0.00590 0.00612 0.00603 0.00592 0.00601 0.00614 0.00605 0.00608 0.00618 0.00620 0.00612 0.00621 0.00628 0.00616 0.00631 0.00628 0.00636 0.00628 0.00637 0.00651 
TASK          G_EPOCH_NUM CLIENT_NUM L_DATA_NUM L_EPOCH_NUM L_BATCH_SIZE L_LR
FashionMNIST        1000          4       6000           5           64 0.005
0.03467 0.01772 0.01533 0.01418 0.01350 0.01298 0.01247 0.01209 0.01172 0.01140 0.01116 0.01107 0.01072 0.01057 0.01041 0.01025 0.01020 0.01008 0.00993 0.00986 0.01004 0.00629 0.00620 0.00616 0.00604 0.00604 0.00596 0.00593 0.00587 0.00588 0.00577 0.00571 0.00570 0.00569 0.00568 0.00562 0.00558 0.00555 0.00559 0.00552 0.00551 0.00551 0.00544 0.00541 0.00539 0.00536 0.00536 0.00534 0.00534 0.00531 0.00530 0.00532 0.00530 0.00526 0.00532 0.00527 0.00523 0.00526 0.00532 0.00530 0.00531 0.00530 0.00524 0.00526 0.00526 0.00535 0.00529 0.00525 0.00524 0.00526 0.00522 0.00523 0.00527 0.00523 0.00528 0.00527 0.00527 0.00527 0.00527 0.00532 0.00528 0.00530 0.00531 0.00535 0.00531 0.00550 0.00532 0.00539 0.00536 0.00545 0.00546 0.00540 0.00536 0.00541 0.00550 0.00545 0.00549 0.00546 0.00549 0.00557 
TASK          G_EPOCH_NUM CLIENT_NUM L_DATA_NUM L_EPOCH_NUM L_BATCH_SIZE L_LR
FashionMNIST        1000          5       6000           5           64 0.005
0.03554 0.02882 0.02450 0.02308 0.02246 0.02214 0.02182 0.02157 0.02137 0.02124 0.02104 0.02082 0.02068 0.02057 0.02045 0.02030 0.02022 0.02018 0.02007 0.01994 0.01979 0.01971 0.01958 0.01956 0.01942 0.01940 0.01932 0.01926 0.01923 0.01915 0.01911 0.01913 0.01904 0.01901 0.01897 0.01896 0.01893 0.01891 0.01894 0.01884 0.01887 0.01877 0.01881 0.01877 0.01571 0.01563 0.01557 0.01547 0.01544 0.01543 0.01539 0.01536 0.01534 0.01532 0.01533 0.01530 0.01525 0.01522 0.01522 0.01522 0.01522 0.01515 0.01515 0.01515 0.01511 0.01280 0.01241 0.01232 0.01228 0.01227 0.01217 0.01216 0.01211 0.01208 0.01204 0.01203 0.01205 0.01199 0.01201 0.01196 0.01196 0.01194 0.01193 0.01198 0.00882 0.00868 0.00864 0.00860 0.00858 0.00854 0.00853 0.00861 0.00851 0.00848 0.00851 0.00545 0.00537 0.00537 0.00532 0.00531 
TASK          G_EPOCH_NUM CLIENT_NUM L_DATA_NUM L_EPOCH_NUM L_BATCH_SIZE L_LR
FashionMNIST        1000          6       6000           5           64 0.005
0.02898 0.01319 0.01128 0.01050 0.01002 0.00954 0.00910 0.00878 0.00845 0.00816 0.00793 0.00772 0.00759 0.00741 0.00725 0.00710 0.00696 0.00692 0.00671 0.00667 0.00653 0.00647 0.00641 0.00627 0.00623 0.00617 0.00607 0.00606 0.00597 0.00596 0.00591 0.00583 0.00581 0.00576 0.00573 0.00571 0.00566 0.00563 0.00559 0.00563 0.00555 0.00554 0.00547 0.00546 0.00542 0.00540 0.00539 0.00539 0.00537 0.00535 0.00532 0.00528 0.00526 0.00525 0.00522 0.00522 0.00521 0.00518 0.00516 0.00513 0.00515 0.00514 0.00514 0.00511 0.00510 0.00506 0.00507 0.00510 0.00504 0.00505 0.00501 0.00502 0.00504 0.00499 0.00498 0.00500 0.00499 0.00496 0.00498 0.00498 0.00500 0.00494 0.00495 0.00493 0.00492 0.00495 0.00493 0.00495 0.00493 0.00495 0.00499 0.00495 0.00496 0.00494 0.00491 0.00491 0.00492 0.00492 0.00496 0.00492 
TASK          G_EPOCH_NUM CLIENT_NUM L_DATA_NUM L_EPOCH_NUM L_BATCH_SIZE L_LR
FashionMNIST        1000          7       6000           5           64 0.005
0.02867 0.02304 0.02194 0.02152 0.02113 0.01882 0.01842 0.01811 0.01787 0.01757 0.01736 0.01715 0.01447 0.01416 0.01393 0.01379 0.01061 0.01034 0.01019 0.01002 0.00990 0.00980 0.00971 0.00962 0.00954 0.00948 0.00945 0.00933 0.00930 0.00924 0.00921 0.00913 0.00909 0.00906 0.00904 0.00898 0.00895 0.00890 0.00889 0.00883 0.00880 0.00875 0.00872 0.00870 0.00867 0.00869 0.00865 0.00860 0.00858 0.00856 0.00853 0.00851 0.00848 0.00849 0.00846 0.00844 0.00842 0.00840 0.00839 0.00837 0.00837 0.00834 0.00836 0.00833 0.00830 0.00829 0.00826 0.00827 0.00829 0.00824 0.00824 0.00821 0.00822 0.00820 0.00821 0.00822 0.00821 0.00818 0.00816 0.00817 0.00815 0.00820 0.00813 0.00814 0.00815 0.00813 0.00812 0.00813 0.00813 0.00813 0.00814 0.00811 0.00810 0.00810 0.00811 0.00809 0.00808 0.00812 0.00808 0.00807 
TASK          G_EPOCH_NUM CLIENT_NUM L_DATA_NUM L_EPOCH_NUM L_BATCH_SIZE L_LR
SpeechCommand        1000          3       6000           5           64 0.01
0.01617 0.01265 0.01151 0.01122 0.01117 0.01130 0.01104 0.01114 0.01123 0.01062 0.01124 0.01218 0.01129 0.01113 0.01105 0.01116 0.01164 0.01134 0.01141 0.01140 0.01124 0.01143 0.01155 0.01171 0.01124 0.01139 0.01199 0.01186 0.01193 0.01185 0.01151 0.01109 0.01198 0.01279 0.01260 0.01194 0.01184 0.01203 0.01193 0.01210 0.01197 0.01198 0.01176 0.01189 0.01209 0.01178 0.01145 0.01266 0.01257 0.01177 0.01209 0.01178 0.01188 0.01198 0.01203 0.01144 0.01199 0.01184 0.01167 0.01201 0.01179 0.01296 0.01205 0.01227 0.01214 0.01157 0.01198 0.01184 0.01152 0.01204 0.01263 0.01189 0.01197 0.01245 0.01175 0.01204 0.01188 0.01239 0.01208 0.01185 0.01153 0.01283 0.01205 0.01155 0.01195 0.01213 0.01155 0.01186 0.01190 0.01164 0.01189 0.01235 0.01259 0.01203 0.01240 0.01212 0.01178 0.01229 0.01217 0.01167 
TASK          G_EPOCH_NUM CLIENT_NUM L_DATA_NUM L_EPOCH_NUM L_BATCH_SIZE L_LR
SpeechCommand        1000          4       6000           5           64 0.01
0.01598 0.01267 0.01137 0.01127 0.01085 0.01008 0.01012 0.01008 0.00964 0.00996 0.00980 0.00961 0.00928 0.00949 0.00952 0.00992 0.00942 0.00974 0.00966 0.00975 0.00956 0.00992 0.00966 0.00947 0.00921 0.00924 0.00941 0.00937 0.00936 0.00948 0.00950 0.00938 0.00968 0.00972 0.00946 0.00921 0.00967 0.01006 0.00954 TASK          G_EPOCH_NUM CLIENT_NUM L_DATA_NUM L_EPOCH_NUM L_BATCH_SIZE L_LR
FashionMNIST        1000          3       6000           5           64 0.005
0.45040 0.48040 0.56880 0.58450 0.59070 0.60700 0.69840 0.71150 0.72130 0.73090 0.73690 0.74190 0.74530 0.74950 0.75440 0.75660 0.76190 0.75950 0.76180 0.76220 0.76690 0.76520 0.76740 0.76870 0.77080 0.86150 0.86140 0.86570 0.86570 0.86580 0.86620 0.86640 0.86770 0.87200 0.87090 0.86960 0.87130 0.87270 0.87210 0.87320 0.87410 0.87210 0.87350 0.87490 0.87600 0.87470 0.87420 0.87580 0.87830 0.87820 0.87800 0.87660 0.87660 0.87970 0.88060 0.87830 0.87950 0.88190 0.88110 0.88000 0.87980 0.88150 0.88060 0.88040 0.88380 0.88330 0.87640 0.88090 0.88210 0.88010 0.87980 0.88200 0.87910 0.88000 0.88220 0.88110 0.88070 0.88110 0.87970 0.87500 0.88270 0.88230 0.87900 0.88140 0.88150 0.88170 0.88210 0.87740 0.87500 0.88000 0.88120 0.88010 0.88230 0.88130 0.87830 0.87820 0.88200 0.87760 0.87940 0.88060 
TASK          G_EPOCH_NUM CLIENT_NUM L_DATA_NUM L_EPOCH_NUM L_BATCH_SIZE L_LR
FashionMNIST        1000          4       6000           5           64 0.005
0.51530 0.63120 0.66210 0.67650 0.68270 0.69440 0.70310 0.71160 0.71670 0.72270 0.72820 0.73440 0.73960 0.74210 0.74450 0.75070 0.75070 0.75630 0.75830 0.75870 0.76140 0.76000 0.76660 0.76470 0.76860 0.76780 0.77050 0.77340 0.77450 0.77160 0.77520 0.77650 0.77860 0.77710 0.77530 0.77790 0.78190 0.78220 0.77780 0.78150 0.78190 0.78450 0.78160 0.78240 0.78350 0.78520 0.78340 0.78410 0.78560 0.78550 0.78350 0.78690 0.78520 0.78510 0.78530 0.78650 0.78770 0.78780 0.78860 0.79010 0.79020 0.78840 0.79000 0.79020 0.79060 0.79060 0.79110 0.79120 0.79090 0.79180 0.79040 0.79210 0.79160 0.79300 0.79410 0.79430 0.79300 0.79470 0.79360 0.79430 0.79450 0.79330 0.79320 0.79550 0.79730 0.79430 0.79500 0.79570 0.79470 0.79680 0.79560 0.79610 0.79650 0.79580 0.79630 0.79610 0.79720 0.79530 0.79680 0.79290 
TASK          G_EPOCH_NUM CLIENT_NUM L_DATA_NUM L_EPOCH_NUM L_BATCH_SIZE L_LR
FashionMNIST        1000          5       6000           5           64 0.005
0.38140 0.49330 0.53440 0.55700 0.57310 0.58810 0.60160 0.61150 0.62090 0.63030 0.62480 0.64040 0.64710 0.65120 0.65440 0.65920 0.66170 0.66300 0.66090 0.66710 0.67020 0.67210 0.67560 0.67440 0.67430 0.67740 0.67910 0.68150 0.68110 0.68170 0.67970 0.68340 0.68420 0.68560 0.68630 0.68690 0.68580 0.68770 0.68830 0.68870 0.69010 0.68860 0.68950 0.69040 0.69020 0.69010 0.69100 0.69200 0.69230 0.69360 0.69370 0.69350 0.69370 0.69450 0.69400 0.69400 0.69630 0.69570 0.78650 0.78700 0.78910 0.79040 0.78950 0.79090 0.79000 0.79330 0.79190 0.79200 0.79190 0.79160 0.79060 0.79180 0.79120 0.79260 0.79150 0.79330 0.79410 0.79420 0.79430 0.79400 0.79140 0.79520 0.79500 0.79540 0.79370 0.79770 0.79540 0.79460 0.79620 0.79590 0.79650 0.79600 0.79560 0.79680 0.79760 0.79720 0.79870 0.79820 0.79840 0.79520 
TASK          G_EPOCH_NUM CLIENT_NUM L_DATA_NUM L_EPOCH_NUM L_BATCH_SIZE L_LR
FashionMNIST        1000          6       6000           5           64 0.005
0.43630 0.55700 0.63180 0.64830 0.65420 0.66800 0.67340 0.68930 0.69580 0.70570 0.71120 0.71920 0.72440 0.72930 0.73600 0.74010 0.74210 0.74520 0.74990 0.75200 0.75330 0.75490 0.75780 0.75930 0.76320 0.76230 0.76360 0.76520 0.76840 0.76650 0.76830 0.76960 0.77030 0.77280 0.77470 0.77460 0.77290 0.77140 0.77750 0.77730 0.77760 0.77970 0.77880 0.77970 0.77900 0.77910 0.78030 0.78080 0.78200 0.78220 0.78210 0.78300 0.78410 0.78490 0.78410 0.78440 0.78410 0.78510 0.78660 0.78600 0.78610 0.78840 0.78750 0.78920 0.78920 0.78820 0.78970 0.78860 0.79020 0.79100 0.78920 0.79060 0.79310 0.79220 0.79220 0.79140 0.79300 0.79160 0.79250 0.79330 0.79160 0.79330 0.79390 0.79330 0.79380 0.79370 0.79340 0.79390 0.79250 0.79230 0.79450 0.79350 0.79530 0.79560 0.79480 0.79510 0.79450 0.79600 0.79670 0.79480 
TASK          G_EPOCH_NUM CLIENT_NUM L_DATA_NUM L_EPOCH_NUM L_BATCH_SIZE L_LR
FashionMNIST        1000          7       6000           5           64 0.005
0.59730 0.67140 0.69620 0.72060 0.72550 0.73270 0.74280 0.74790 0.75480 0.75990 0.76310 0.76700 0.76880 0.77150 0.77410 0.77580 0.77770 0.77950 0.78300 0.78170 0.78580 0.78810 0.78870 0.79160 0.79180 0.79280 0.79210 0.79230 0.79350 0.79570 0.79430 0.79590 0.79600 0.79590 0.79780 0.79840 0.79960 0.79930 0.79990 0.80070 0.80170 0.80340 0.80220 0.80370 0.80440 0.80580 0.80550 0.80600 0.80550 0.80630 0.80660 0.80670 0.80750 0.80790 0.80890 0.80900 0.80840 0.80910 0.81030 0.80990 0.80980 0.81230 0.81130 0.80940 0.81150 0.81230 0.81260 0.81330 0.81360 0.81270 0.81390 0.81320 0.81460 0.81480 0.81360 0.81610 0.81490 0.81520 0.81470 0.81530 0.81500 0.81490 0.81460 0.81440 0.81440 0.81590 0.81600 0.81500 0.81440 0.81560 0.81490 0.81490 0.81630 0.81590 0.81540 0.81790 0.81510 0.81690 0.81650 0.81750 
TASK          G_EPOCH_NUM CLIENT_NUM L_DATA_NUM L_EPOCH_NUM L_BATCH_SIZE L_LR
SpeechCommand        1000          3       6000           5           64 0.01
0.68642 0.75284 0.77919 0.77683 0.78764 0.78255 0.77356 0.79573 0.79291 0.80045 0.79700 0.79836 0.79673 0.80727 0.80309 0.80009 0.80654 0.80136 0.79864 0.80200 0.78283 0.80154 0.80954 0.79355 0.79255 0.80527 0.79846 0.80218 0.79746 0.80863 0.80482 0.80854 0.79055 0.80145 0.80709 0.80609 0.80300 0.80473 0.80018 0.80454 0.80682 0.81590 0.79927 0.81072 0.80473 0.80863 0.80836 0.81617 0.80618 0.79991 0.80945 0.81308 0.80754 0.81272 0.80945 0.80563 0.80791 0.81527 0.80800 0.81209 0.79873 0.81799 0.80918 0.80872 0.80700 0.81972 0.80990 0.81045 0.80872 0.81863 0.81136 0.80809 0.80927 0.81690 0.80936 0.80800 0.81963 0.80654 0.80809 0.81790 0.81736 0.81772 0.80618 0.80863 0.81299 0.81454 0.81381 0.81399 0.81436 0.81009 0.82099 0.82045 0.80809 0.82526 0.82090 0.82235 0.80863 0.81935 0.81045 0.80845 
TASK          G_EPOCH_NUM CLIENT_NUM L_DATA_NUM L_EPOCH_NUM L_BATCH_SIZE L_LR
SpeechCommand        1000          4       6000           5           64 0.01
0.67642 0.76874 0.79264 0.79446 0.80900 0.81690 0.81209 0.81972 0.82108 0.82235 0.81554 0.82717 0.82553 0.82526 0.83090 0.82644 0.83417 0.83562 0.82990 0.83326 0.82335 0.83826 0.83571 0.83635 0.82699 0.83162 0.82408 0.83635 0.83108 0.81972 0.83762 0.83953 0.83780 0.83053 0.83880 0.83589 0.82435 0.83916 0.83944 0.83889 0.83835 0.84298 0.83662 0.84098 0.83789 0.82626 0.83589 0.84025 0.82999 0.83408 0.84153 0.83726 0.83562 0.84044 0.84144 0.84316 0.83780 0.84189 0.84180 0.83844 0.84462 0.83208 0.84262 0.84698 0.84353 0.84225 0.83517 0.84044 0.83562 0.84216 0.83280 0.84507 0.83826 0.84253 0.83789 0.84316 0.84107 0.84462 0.84616 0.83417 0.83726 0.83816 0.84180 0.84234 0.83962 0.84080 0.83771 0.83453 0.84643 0.84207 0.84234 0.84298 0.84434 0.83744 0.83507 0.83935 0.84516 0.84262 0.82799 0.83816 
TASK          G_EPOCH_NUM CLIENT_NUM L_DATA_NUM L_EPOCH_NUM L_BATCH_SIZE L_LR
SpeechCommand        1000          5       6000           5           64 0.01
0.68287 0.76002 0.79400 0.81299 0.81981 0.82653 0.83071 0.83244 0.83299 0.83535 0.84498 0.84480 0.84307 0.84680 0.84634 0.84552 0.84952 0.84634 0.84916 0.84880 0.85007 0.84289 0.85216 0.85216 0.85107 0.85225 0.84771 0.84689 0.85461 0.85334 0.85470 0.85070 0.85289 0.86097 0.85080 0.85688 0.85770 0.85225 0.85325 0.86043 0.85179 0.85470 0.85061 0.84970 0.85806 0.85534 0.85816 0.85797 0.85343 0.85334 0.85216 0.85961 0.85470 0.85879 0.86270 0.85670 0.85861 0.86070 0.85743 0.86052 0.85098 0.86079 0.85534 0.84934 0.85761 0.86079 0.85870 0.86006 0.86097 0.85597 0.85770 0.85788 0.85116 0.86115 0.86143 0.85961 0.86261 0.86488 0.85734 0.85943 0.85688 0.86343 0.86152 0.85943 0.85906 0.85597 0.86370 0.86406 0.86152 0.85625 0.85561 0.86234 0.85779 0.85952 0.85943 0.85688 0.86088 0.86061 0.86588 0.85788 
TASK          G_EPOCH_NUM CLIENT_NUM L_DATA_NUM L_EPOCH_NUM L_BATCH_SIZE L_LR
SpeechCommand        1000          6       6000           5           64 0.01
0.69387 0.77665 0.79900 0.82163 0.83517 0.83453 0.84262 0.84543 0.84652 0.85379 0.84771 0.85461 0.85225 0.85361 0.85816 0.86070 0.85979 0.86733 0.86006 0.86279 0.86533 0.86779 0.86479 0.86533 0.86633 0.86697 0.87360 0.86424 0.86415 0.86742 0.87042 0.87079 0.86788 0.86652 0.86306 0.86761 0.86833 0.86661 0.86733 0.86851 0.87015 0.87587 0.87006 0.87215 0.86979 0.87269 0.86697 0.86870 0.86979 0.86988 0.86942 0.87597 0.87351 0.87297 0.86897 0.87206 0.87497 0.87188 0.86779 0.87124 0.86951 0.86970 0.87324 0.86724 0.86833 0.87015 0.87397 0.87360 0.86879 0.87106 0.87678 0.87587 0.87660 0.86933 0.86715 0.87269 0.87088 0.87597 0.87524 0.87060 0.86515 0.86970 0.86715 0.86970 0.87197 0.87297 0.87297 0.87469 0.87070 0.87269 0.87242 0.87124 0.87388 0.86970 0.87088 0.87215 0.87315 0.87724 0.87469 0.87388 
TASK          G_EPOCH_NUM CLIENT_NUM L_DATA_NUM L_EPOCH_NUM L_BATCH_SIZE L_LR
SpeechCommand        1000          7       6000           5           64 0.01
0.71322 0.77347 0.82026 0.82562 0.83144 0.84271 0.84171 0.85243 0.85407 0.85289 0.85634 0.85361 0.85661 0.85761 0.86224 0.86088 0.86224 0.86470 0.86688 0.86343 0.86697 0.86415 0.86706 0.86724 0.86679 0.87233 0.87324 0.86933 0.86761 0.86842 0.87260 0.86751 0.86997 0.87324 0.86988 0.87042 0.86979 0.87215 0.86824 0.87079 0.87251 0.87106 0.87179 0.87478 0.87197 0.87033 0.87533 0.87106 0.87787 0.87378 0.87451 0.87615 0.87460 0.87587 0.87633 0.87660 0.87478 0.87815 0.87151 0.87233 0.87569 0.87633 0.87415 0.87924 0.87860 0.87578 0.87615 0.87651 0.87160 0.87660 0.87433 0.87478 0.87996 0.87524 0.87778 0.87642 0.87724 0.87878 0.87796 0.87733 0.88114 0.87806 0.87724 0.87887 0.87860 0.87978 0.87960 0.87769 0.87869 0.86942 0.87815 0.87388 0.87524 0.87724 0.87869 0.87896 0.87660 0.87433 0.87742 0.88369 
TASK          G_EPOCH_NUM CLIENT_NUM L_DATA_NUM L_EPOCH_NUM L_BATCH_SIZE L_LR
AG_NEWS             1000          3       6000           5           64  0.1
0.40934 0.48474 0.52855 0.56711 0.60539 0.64395 0.67211 0.69711 0.71947 0.73579 0.75184 0.76289 0.77303 0.78342 0.79118 0.79842 0.80382 0.80908 0.81408 0.81816 0.82250 0.82500 0.82711 0.82947 0.83197 0.83342 0.83592 0.83842 0.84066 0.84329 0.84513 0.84539 0.84671 0.84803 0.84974 0.85013 0.85118 0.85289 0.85408 0.85539 0.85645 0.85711 0.85842 0.85868 0.85908 0.86053 0.86026 0.86092 0.86211 0.86289 0.86408 0.86539 0.86605 0.86645 0.86684 0.86763 0.86816 0.86842 0.86921 0.87000 0.86974 0.87053 0.87066 0.87079 0.87145 0.87171 0.87211 0.87276 0.87316 0.87368 0.87382 0.87395 0.87461 0.87447 0.87434 0.87461 0.87447 0.87447 0.87461 0.87461 0.87513 0.87539 0.87526 0.87579 0.87645 0.87697 0.87697 0.87711 0.87711 0.87737 0.87737 0.87724 0.87750 0.87789 0.87789 0.87855 0.87842 0.87868 0.87882 0.87908 
TASK          G_EPOCH_NUM CLIENT_NUM L_DATA_NUM L_EPOCH_NUM L_BATCH_SIZE L_LR
AG_NEWS             1000          4       6000           5           64  0.1
0.41697 0.49711 0.54342 0.58250 0.61566 0.64724 0.67763 0.70184 0.72013 0.73316 0.74816 0.76039 0.77250 0.78105 0.79039 0.79750 0.80355 0.80855 0.81276 0.81737 0.82224 0.82645 0.83013 0.83276 0.83553 0.83737 0.83974 0.84184 0.84382 0.84526 0.84632 0.84816 0.84974 0.85105 0.85289 0.85395 0.85447 0.85553 0.85658 0.85776 0.85868 0.86105 0.86145 0.86197 0.86211 0.86250 0.86408 0.86461 0.86539 0.86658 0.86711 0.86724 0.86803 0.86882 0.86947 0.86961 0.86974 0.86908 0.86961 0.87013 0.87079 0.87066 0.87158 0.87263 0.87289 0.87263 0.87316 0.87355 0.87382 0.87395 0.87461 0.87500 0.87526 0.87566 0.87539 0.87553 0.87592 0.87605 0.87618 0.87697 0.87711 0.87724 0.87711 0.87711 0.87737 0.87711 0.87711 0.87776 0.87763 0.87763 0.87763 0.87776 0.87763 0.87737 0.87763 0.87829 0.87855 0.87895 0.87908 0.87921 
TASK          G_EPOCH_NUM CLIENT_NUM L_DATA_NUM L_EPOCH_NUM L_BATCH_SIZE L_LR
AG_NEWS             1000          5       6000           5           64  0.1
0.42000 0.50316 0.55053 0.59197 0.63118 0.66132 0.69026 0.71158 0.73053 0.75026 0.76355 0.77553 0.78592 0.79289 0.79974 0.80566 0.81132 0.81658 0.82132 0.82487 0.82737 0.83118 0.83382 0.83553 0.83789 0.84026 0.84184 0.84355 0.84579 0.84605 0.84737 0.84947 0.85184 0.85303 0.85421 0.85579 0.85763 0.85816 0.85947 0.86105 0.86184 0.86303 0.86355 0.86421 0.86500 0.86566 0.86618 0.86697 0.86803 0.86842 0.86921 0.86974 0.87066 0.87158 0.87197 0.87237 0.87237 0.87303 0.87368 0.87395 0.87395 0.87461 0.87474 0.87526 0.87579 0.87632 0.87724 0.87737 0.87711 0.87750 0.87842 0.87868 0.87868 0.87908 0.87961 0.88039 0.88053 0.88053 0.88105 0.88132 0.88197 0.88197 0.88250 0.88303 0.88276 0.88316 0.88316 0.88329 0.88316 0.88368 0.88421 0.88434 0.88408 0.88395 0.88382 0.88395 0.88421 0.88421 0.88421 0.88447 
TASK          G_EPOCH_NUM CLIENT_NUM L_DATA_NUM L_EPOCH_NUM L_BATCH_SIZE L_LR
AG_NEWS             1000          6       6000           5           64  0.1
0.39618 0.48566 0.53434 0.57618 0.61171 0.64632 0.67487 0.69829 0.71816 0.73461 0.74921 0.76250 0.77421 0.78329 0.79171 0.79645 0.80118 0.80645 0.81039 0.81447 0.81829 0.82158 0.82553 0.82974 0.83289 0.83526 0.83816 0.84000 0.84224 0.84487 0.84684 0.84776 0.85000 0.85132 0.85250 0.85447 0.85566 0.85711 0.85789 0.85934 0.86066 0.86197 0.86276 0.86461 0.86553 0.86632 0.86697 0.86776 0.86868 0.86908 0.86947 0.87026 0.87105 0.87132 0.87276 0.87289 0.87329 0.87421 0.87447 0.87461 0.87526 0.87645 0.87658 0.87697 0.87737 0.87750 0.87816 0.87895 0.87947 0.87987 0.87961 0.87947 0.88000 0.88026 0.88079 0.88118 0.88145 0.88197 0.88250 0.88250 0.88276 0.88289 0.88303 0.88329 0.88355 0.88408 0.88434 0.88474 0.88461 0.88474 0.88487 0.88500 0.88553 0.88592 0.88579 0.88632 0.88658 0.88658 0.88697 0.88697 
TASK          G_EPOCH_NUM CLIENT_NUM L_DATA_NUM L_EPOCH_NUM L_BATCH_SIZE L_LR
AG_NEWS             1000          7       6000           5           64  0.1
0.38224 0.46671 0.51882 0.56158 0.60513 0.63987 0.67487 0.69724 0.71961 0.73605 0.75395 0.76434 0.77382 0.78447 0.79303 0.80132 0.80684 0.81079 0.81539 0.81934 0.82250 0.82566 0.82895 0.83237 0.83461 0.83684 0.83882 0.84092 0.84329 0.84513 0.84776 0.84947 0.85079 0.85250 0.85395 0.85566 0.85737 0.85842 0.85934 0.86000 0.86053 0.86053 0.86092 0.86224 0.86263 0.86421 0.86500 0.86539 0.86566 0.86658 0.86711 0.86724 0.86711 0.86750 0.86816 0.86855 0.86895 0.86921 0.87000 0.87053 0.87105 0.87171 0.87197 0.87250 0.87263 0.87250 0.87276 0.87289 0.87303 0.87342 0.87408 0.87447 0.87487 0.87500 0.87539 0.87526 0.87539 0.87553 0.87579 0.87645 0.87697 0.87711 0.87724 0.87737 0.87763 0.87816 0.87868 0.87882 0.87895 0.87895 0.87895 0.87934 0.87947 0.87961 0.88013 0.88026 0.88026 0.88013 0.88013 0.88079 
