TASK          G_EPOCH_NUM CLIENT_NUM L_DATA_NUM L_EPOCH_NUM L_BATCH_SIZE L_LR
FashionMNIST        1000          5       6000           5           64 0.01
0.01494 0.01126 0.01006 0.00914 0.00862 0.00810 0.00772 0.00737 0.00706 0.00683 0.00663 0.00647 0.00631 0.00620 0.00608 0.00591 0.00591 0.00580 0.00575 0.00563 0.00565 0.00555 0.00548 0.00551 0.00545 0.00540 0.00537 0.00534 0.00540 0.00533 0.00528 0.00525 0.00526 0.00526 0.00520 0.00528 0.00521 0.00519 0.00520 0.00515 0.00520 0.00516 0.00522 0.00515 0.00518 0.00516 0.00513 0.00515 0.00517 0.00515 0.00518 0.00515 0.00521 0.00523 0.00523 0.00520 0.00522 0.00531 0.00529 0.00523 0.00526 0.00529 0.00529 0.00527 0.00533 0.00532 0.00544 0.00537 0.00546 0.00542 0.00543 0.00548 0.00553 0.00553 0.00555 0.00552 0.00568 0.00558 0.00565 0.00563 0.00566 0.00573 0.00575 0.00577 0.00578 0.00580 0.00588 0.00590 0.00589 0.00599 0.00599 0.00604 0.00603 0.00622 0.00624 0.00626 0.00621 0.00640 0.00633 0.00636 
TASK          G_EPOCH_NUM CLIENT_NUM L_DATA_NUM L_EPOCH_NUM L_BATCH_SIZE L_LR
AG_NEWS             1000          5       6000           5           64 0.01
0.02162 0.02155 0.02147 0.02140 0.02133 0.02126 0.02118 0.02111 0.02104 0.02096 0.02088 0.02081 0.02073 0.02065 0.02056 0.02048 0.02039 0.02031 0.02022 0.02012 0.02003 0.01993 0.01984 0.01974 0.01964 0.01953 0.01943 0.01932 0.01922 0.01911 0.01899 0.01888 0.01877 0.01866 0.01855 0.01843 0.01832 0.01820 0.01808 0.01797 0.01785 0.01773 0.01762 0.01750 0.01738 0.01727 0.01715 0.01703 0.01691 0.01680 0.01668 0.01656 0.01645 0.01634 0.01622 0.01610 0.01600 0.01588 0.01577 0.01566 0.01555 0.01544 0.01533 0.01522 0.01512 0.01501 0.01491 0.01480 0.01470 0.01460 0.01449 0.01440 0.01430 0.01420 0.01411 0.01400 0.01391 0.01382 0.01373 0.01364 0.01355 0.01346 0.01337 0.01328 0.01320 0.01311 0.01303 0.01295 0.01287 0.01279 0.01272 0.01263 0.01256 0.01249 0.01241 0.01234 0.01226 0.01220 0.01213 0.01206 
TASK          G_EPOCH_NUM CLIENT_NUM L_DATA_NUM L_EPOCH_NUM L_BATCH_SIZE L_LR
SpeechCommand        1000          5       6000           5           64 0.01
0.01672 0.01222 0.01087 0.01053 0.00967 0.00958 0.00934 0.00888 0.00884 0.00867 0.00875 0.00839 0.00897 0.00858 0.00879 0.00873 0.00834 0.00846 0.00837 0.00825 0.00830 0.00842 0.00815 0.00808 0.00789 0.00829 0.00815 0.00851 0.00827 0.00870 0.00810 0.00827 0.00831 0.00839 0.00835 0.00799 0.00832 0.00801 0.00797 0.00820 0.00806 0.00810 0.00798 0.00804 0.00795 0.00808 0.00806 0.00857 0.00793 0.00776 0.00787 0.00793 0.00790 0.00792 0.00806 0.00796 0.00789 0.00794 0.00835 0.00822 0.00794 0.00780 0.00776 0.00812 0.00811 0.00795 0.00786 0.00792 0.00785 0.00782 0.00771 0.00781 0.00781 0.00777 0.00768 0.00778 0.00777 0.00757 0.00807 0.00810 0.00795 0.00804 0.00775 0.00788 0.00784 0.00772 0.00804 0.00779 0.00791 0.00782 0.00823 0.00782 0.00805 0.00779 0.00802 0.00797 0.00824 0.00778 0.00802 0.00778 
TASK          G_EPOCH_NUM CLIENT_NUM L_DATA_NUM L_EPOCH_NUM L_BATCH_SIZE L_LR
FashionMNIST        1000          5       6000           5           64 0.005
0.03038 0.02198 0.02065 0.01647 0.01585 0.01538 0.01505 0.01475 0.01450 0.01427 0.01170 0.01134 0.01107 0.01087 0.01067 0.01048 0.01034 0.00733 0.00699 0.00685 0.00668 0.00663 0.00645 0.00638 0.00629 0.00631 0.00612 0.00606 0.00602 0.00596 0.00591 0.00590 0.00579 0.00575 0.00575 0.00574 0.00570 0.00565 0.00562 0.00560 0.00558 0.00554 0.00554 0.00551 0.00546 0.00543 0.00541 0.00546 0.00542 0.00545 0.00535 0.00537 0.00535 0.00534 0.00534 0.00531 0.00534 0.00531 0.00529 0.00535 0.00525 0.00530 0.00531 0.00528 0.00523 0.00524 0.00529 0.00527 0.00522 0.00523 0.00520 0.00520 0.00521 0.00518 0.00519 0.00517 0.00518 0.00519 0.00519 0.00519 0.00519 0.00523 0.00520 0.00523 0.00518 0.00519 0.00530 0.00525 0.00522 0.00521 0.00520 0.00520 0.00521 0.00526 0.00523 0.00527 0.00525 0.00527 0.00523 0.00533 
TASK          G_EPOCH_NUM CLIENT_NUM L_DATA_NUM L_EPOCH_NUM L_BATCH_SIZE L_LR
AG_NEWS             1000          5       6000           5           64 0.05
0.02117 0.02079 0.02037 0.01992 0.01943 0.01891 0.01837 0.01782 0.01725 0.01669 0.01613 0.01559 0.01506 0.01456 0.01409 0.01363 0.01321 0.01281 0.01244 0.01209 0.01177 0.01147 0.01119 0.01092 0.01068 0.01045 0.01024 0.01004 0.00985 0.00967 0.00951 0.00935 0.00921 0.00907 0.00895 0.00882 0.00870 0.00859 0.00849 0.00839 0.00830 0.00820 0.00812 0.00804 0.00796 0.00789 0.00782 0.00775 0.00769 0.00762 0.00758 0.00750 0.00745 0.00740 0.00735 0.00730 0.00725 0.00721 0.00716 0.00712 0.00708 0.00704 0.00700 0.00696 0.00693 0.00689 0.00685 0.00683 0.00679 0.00677 0.00673 0.00671 0.00668 0.00665 0.00662 0.00660 0.00657 0.00654 0.00652 0.00650 0.00649 0.00646 0.00644 0.00642 0.00640 0.00638 0.00635 0.00633 0.00632 0.00630 0.00628 0.00627 0.00625 0.00623 0.00621 0.00620 0.00618 0.00617 0.00615 0.00614 
TASK          G_EPOCH_NUM CLIENT_NUM L_DATA_NUM L_EPOCH_NUM L_BATCH_SIZE L_LR
AG_NEWS             1000          5       6000           5           64 0.075
0.02117 0.02057 0.01989 0.01911 0.01827 0.01741 0.01656 0.01572 0.01493 0.01419 0.01351 0.01289 0.01234 0.01184 0.01140 0.01100 0.01065 0.01033 0.01003 0.00977 0.00953 0.00931 0.00911 0.00894 0.00877 0.00861 0.00847 0.00833 0.00821 0.00809 0.00799 0.00789 0.00780 0.00771 0.00761 0.00754 0.00747 0.00740 0.00733 0.00727 0.00721 0.00715 0.00710 0.00706 0.00700 0.00696 0.00690 0.00686 0.00682 0.00679 0.00675 0.00671 0.00668 0.00664 0.00661 0.00658 0.00655 0.00652 0.00649 0.00647 0.00644 0.00642 0.00640 0.00638 0.00635 0.00633 0.00630 0.00628 0.00627 0.00625 0.00623 0.00621 0.00620 0.00617 0.00617 0.00614 0.00613 0.00612 0.00610 0.00609 0.00607 0.00606 0.00605 0.00603 0.00603 0.00602 0.00600 0.00599 0.00597 0.00597 0.00596 0.00595 0.00594 0.00593 0.00592 0.00591 0.00591 0.00589 0.00590 0.00587 
TASK          G_EPOCH_NUM CLIENT_NUM L_DATA_NUM L_EPOCH_NUM L_BATCH_SIZE L_LR
AG_NEWS             1000          5       6000           5           64  0.1
0.02100 0.02014 0.01910 0.01794 0.01675 0.01560 0.01455 0.01359 0.01276 0.01203 0.01140 0.01086 0.01040 0.00998 0.00963 0.00932 0.00904 0.00880 0.00859 0.00839 0.00821 0.00805 0.00791 0.00777 0.00766 0.00755 0.00744 0.00735 0.00726 0.00718 0.00710 0.00702 0.00696 0.00690 0.00684 0.00678 0.00673 0.00668 0.00663 0.00658 0.00654 0.00651 0.00646 0.00642 0.00640 0.00635 0.00633 0.00629 0.00627 0.00623 0.00621 0.00619 0.00616 0.00613 0.00611 0.00610 0.00607 0.00605 0.00604 0.00600 0.00599 0.00597 0.00596 0.00594 0.00592 0.00591 0.00589 0.00588 0.00587 0.00585 0.00584 0.00584 0.00582 0.00580 0.00579 0.00579 0.00577 0.00576 0.00575 0.00574 0.00574 0.00573 0.00572 0.00571 0.00570 0.00570 0.00569 0.00568 0.00567 0.00567 0.00566 0.00565 0.00564 0.00565 0.00564 0.00563 0.00563 0.00562 0.00562 0.00561 
