TASK          G_EPOCH_NUM CLIENT_NUM L_DATA_NUM L_EPOCH_NUM L_BATCH_SIZE L_LR
FashionMNIST        1000          5       6000           5           64 0.01
0.03436 0.03026 0.02728 0.02492 0.02229 0.01823 0.01774 0.01733 0.01705 0.01684 0.01669 0.01650 0.01639 0.01625 0.01616 0.01609 0.01596 0.01590 0.01584 0.01576 0.01572 0.01566 0.01563 0.01557 0.01550 0.01548 0.01546 0.01542 0.01538 0.01534 0.01539 0.01531 0.01529 0.01530 0.01526 0.01523 0.01221 0.01201 0.01195 0.01191 0.01187 0.01186 0.01178 0.01177 0.01178 0.01177 0.01174 0.01175 0.01171 0.01173 0.01179 0.00879 0.00858 0.00853 0.00848 0.00849 0.00847 0.00846 0.00848 0.00844 0.00843 0.00845 0.00847 0.00850 0.00848 0.00846 0.00848 0.00849 0.00858 0.00851 0.00853 0.00854 0.00861 0.00861 0.00858 0.00860 0.00864 0.00872 0.00865 0.00869 0.00873 0.00879 0.00881 0.00879 0.00886 0.00889 0.00891 0.00904 0.00893 0.00905 0.00911 0.00912 0.00913 0.00921 0.00917 0.00921 0.00923 0.00932 0.00933 0.00937 
TASK          G_EPOCH_NUM CLIENT_NUM L_DATA_NUM L_EPOCH_NUM L_BATCH_SIZE L_LR
AG_NEWS             1000          5       6000           5           64 0.01
0.02160 0.02152 0.02144 0.02136 0.02128 0.02120 0.02112 0.02104 0.02096 0.02087 0.02079 0.02071 0.02062 0.02054 0.02045 0.02036 0.02026 0.02017 0.02008 0.01998 0.01988 0.01978 0.01968 0.01958 0.01948 0.01937 0.01926 0.01916 0.01905 0.01894 0.01883 0.01872 0.01861 0.01850 0.01838 0.01827 0.01815 0.01804 0.01793 0.01781 0.01770 0.01758 0.01747 0.01735 0.01723 0.01712 0.01700 0.01689 0.01677 0.01666 0.01654 0.01643 0.01632 0.01621 0.01609 0.01598 0.01587 0.01576 0.01565 0.01554 0.01543 0.01533 0.01522 0.01512 0.01501 0.01490 0.01480 0.01470 0.01460 0.01450 0.01440 0.01430 0.01421 0.01411 0.01402 0.01393 0.01383 0.01374 0.01365 0.01356 0.01347 0.01339 0.01330 0.01322 0.01313 0.01305 0.01297 0.01289 0.01282 0.01273 0.01266 0.01258 0.01250 0.01244 0.01236 0.01228 0.01222 0.01215 0.01208 0.01201 
TASK          G_EPOCH_NUM CLIENT_NUM L_DATA_NUM L_EPOCH_NUM L_BATCH_SIZE L_LR
SpeechCommand        1000          5       6000           5           64 0.01
0.01538 0.01148 0.00986 0.00992 0.00926 0.00917 0.00894 0.00853 0.00881 0.00857 0.00853 0.00849 0.00854 0.00840 0.00835 0.00822 0.00841 0.00820 0.00818 0.00834 0.00826 0.00822 0.00810 0.00846 0.00833 0.00813 0.00809 0.00850 0.00813 0.00854 0.00796 0.00817 0.00809 0.00813 0.00814 0.00826 0.00801 0.00810 0.00803 0.00831 0.00837 0.00814 0.00796 0.00821 0.00822 0.00817 0.00809 0.00782 0.00792 0.00795 0.00799 0.00799 0.00808 0.00775 0.00826 0.00796 0.00805 0.00783 0.00786 0.00774 0.00786 0.00796 0.00783 0.00804 0.00756 0.00821 0.00768 0.00776 0.00794 0.00774 0.00799 0.00780 0.00780 0.00776 0.00762 0.00764 0.00777 0.00764 0.00782 0.00754 0.00802 0.00790 0.00775 0.00766 0.00755 0.00768 0.00789 0.00748 0.00766 0.00807 0.00790 0.00768 0.00783 0.00755 0.00760 0.00786 0.00769 0.00753 0.00754 0.00768 
TASK          G_EPOCH_NUM CLIENT_NUM L_DATA_NUM L_EPOCH_NUM L_BATCH_SIZE L_LR
FashionMNIST        1000          5       6000           5           64 0.005
0.03583 0.03555 0.02592 0.02117 0.01789 0.01718 0.01666 0.01357 0.01283 0.01240 0.01206 0.01199 0.01155 0.01128 0.01107 0.01087 0.01069 0.01052 0.01038 0.01029 0.01012 0.01002 0.00990 0.00982 0.00979 0.00963 0.00956 0.00952 0.00946 0.00939 0.00934 0.00933 0.00925 0.00920 0.00919 0.00914 0.00911 0.00907 0.00905 0.00902 0.00899 0.00894 0.00895 0.00890 0.00896 0.00886 0.00885 0.00882 0.00883 0.00881 0.00877 0.00876 0.00874 0.00873 0.00875 0.00872 0.00870 0.00878 0.00535 0.00532 0.00527 0.00528 0.00526 0.00522 0.00521 0.00519 0.00518 0.00516 0.00517 0.00515 0.00513 0.00513 0.00513 0.00520 0.00514 0.00511 0.00510 0.00514 0.00511 0.00513 0.00510 0.00511 0.00510 0.00511 0.00508 0.00511 0.00508 0.00516 0.00512 0.00514 0.00509 0.00512 0.00511 0.00513 0.00509 0.00512 0.00513 0.00516 0.00516 0.00518 
TASK          G_EPOCH_NUM CLIENT_NUM L_DATA_NUM L_EPOCH_NUM L_BATCH_SIZE L_LR
AG_NEWS             1000          5       6000           5           64 0.05
0.02134 0.02098 0.02059 0.02015 0.01966 0.01913 0.01857 0.01798 0.01739 0.01679 0.01621 0.01565 0.01510 0.01459 0.01410 0.01365 0.01321 0.01281 0.01244 0.01208 0.01176 0.01146 0.01117 0.01091 0.01066 0.01044 0.01022 0.01002 0.00983 0.00965 0.00949 0.00933 0.00918 0.00905 0.00892 0.00880 0.00868 0.00857 0.00847 0.00837 0.00828 0.00819 0.00811 0.00803 0.00795 0.00788 0.00781 0.00774 0.00768 0.00762 0.00755 0.00750 0.00745 0.00740 0.00734 0.00730 0.00725 0.00720 0.00716 0.00712 0.00708 0.00704 0.00700 0.00696 0.00693 0.00689 0.00687 0.00683 0.00680 0.00678 0.00675 0.00672 0.00668 0.00666 0.00663 0.00661 0.00658 0.00656 0.00654 0.00651 0.00649 0.00647 0.00644 0.00643 0.00641 0.00638 0.00637 0.00635 0.00633 0.00632 0.00630 0.00629 0.00626 0.00625 0.00624 0.00622 0.00622 0.00619 0.00617 0.00615 
TASK          G_EPOCH_NUM CLIENT_NUM L_DATA_NUM L_EPOCH_NUM L_BATCH_SIZE L_LR
AG_NEWS             1000          5       6000           5           64 0.075
0.02142 0.02089 0.02028 0.01955 0.01874 0.01787 0.01700 0.01613 0.01531 0.01454 0.01383 0.01319 0.01259 0.01207 0.01158 0.01116 0.01077 0.01043 0.01011 0.00983 0.00957 0.00933 0.00912 0.00893 0.00874 0.00859 0.00843 0.00828 0.00816 0.00804 0.00792 0.00782 0.00772 0.00763 0.00754 0.00746 0.00739 0.00731 0.00724 0.00717 0.00710 0.00705 0.00699 0.00694 0.00689 0.00685 0.00679 0.00675 0.00671 0.00667 0.00663 0.00659 0.00655 0.00652 0.00650 0.00646 0.00643 0.00640 0.00637 0.00634 0.00632 0.00630 0.00627 0.00625 0.00623 0.00621 0.00618 0.00616 0.00615 0.00613 0.00611 0.00609 0.00607 0.00606 0.00604 0.00602 0.00601 0.00599 0.00599 0.00597 0.00595 0.00594 0.00593 0.00591 0.00591 0.00589 0.00588 0.00586 0.00586 0.00585 0.00584 0.00583 0.00582 0.00581 0.00580 0.00580 0.00578 0.00577 0.00577 0.00576 
TASK          G_EPOCH_NUM CLIENT_NUM L_DATA_NUM L_EPOCH_NUM L_BATCH_SIZE L_LR
AG_NEWS             1000          5       6000           5           64  0.1
0.02110 0.02027 0.01925 0.01810 0.01692 0.01576 0.01468 0.01370 0.01284 0.01209 0.01145 0.01088 0.01040 0.00999 0.00962 0.00930 0.00902 0.00877 0.00854 0.00835 0.00817 0.00801 0.00786 0.00772 0.00761 0.00749 0.00739 0.00730 0.00720 0.00712 0.00704 0.00698 0.00690 0.00684 0.00678 0.00672 0.00667 0.00662 0.00657 0.00653 0.00649 0.00644 0.00640 0.00637 0.00634 0.00631 0.00627 0.00625 0.00621 0.00619 0.00615 0.00613 0.00611 0.00608 0.00606 0.00604 0.00602 0.00600 0.00598 0.00596 0.00594 0.00593 0.00591 0.00589 0.00588 0.00588 0.00585 0.00584 0.00582 0.00581 0.00580 0.00579 0.00577 0.00577 0.00575 0.00574 0.00573 0.00572 0.00572 0.00571 0.00570 0.00568 0.00568 0.00568 0.00566 0.00566 0.00565 0.00564 0.00563 0.00563 0.00563 0.00562 0.00562 0.00562 0.00560 0.00560 0.00559 0.00558 0.00558 0.00558 
TASK          G_EPOCH_NUM CLIENT_NUM L_DATA_NUM L_EPOCH_NUM L_BATCH_SIZE L_LR
FashionMNIST        1000          3       6000           5           64 0.005
0.03533 0.02547 0.02228 0.02089 0.02027 0.01983 0.01947 0.01912 0.01886 0.01862 0.01838 0.01820 0.01799 0.01787 0.01482 0.01443 0.01420 0.01407 0.01395 0.01383 0.01370 0.01369 0.01354 0.01334 0.01330 0.01326 0.01315 0.01016 0.00997 0.00978 0.00975 0.00970 0.00972 0.00961 0.00949 0.00946 0.00953 0.00940 0.00940 0.00939 0.00933 0.00926 0.00931 0.00926 0.00921 0.00925 0.00920 0.00922 0.00916 0.00919 0.00926 0.00918 0.00913 0.00911 0.00920 0.00912 0.00918 0.00918 0.00910 0.00915 0.00924 0.00911 0.00914 0.00924 0.00914 0.00915 0.00918 0.00925 0.00916 0.00925 0.00936 0.00927 0.00922 0.00924 0.00920 0.00929 0.00936 0.00927 0.00930 0.00938 0.00938 0.00937 0.00948 0.00940 0.00944 0.00950 0.00946 0.00947 0.00951 0.00960 0.00954 0.00965 0.00968 0.00965 0.00974 0.00967 0.00974 0.00980 0.00977 0.00985 
TASK          G_EPOCH_NUM CLIENT_NUM L_DATA_NUM L_EPOCH_NUM L_BATCH_SIZE L_LR
FashionMNIST        1000          4       6000           5           64 0.005
0.03513 0.02507 0.02218 0.02112 0.02051 0.01707 0.01614 0.01570 0.01539 0.01508 0.01487 0.01466 0.01441 0.01424 0.01411 0.01063 0.01040 0.01028 0.01015 0.01001 0.00983 0.00972 0.00967 0.00953 0.00947 0.00943 0.00935 0.00935 0.00920 0.00919 0.00913 0.00913 0.00909 0.00907 0.00909 0.00900 0.00897 0.00892 0.00895 0.00888 0.00888 0.00883 0.00880 0.00883 0.00883 0.00880 0.00876 0.00875 0.00877 0.00871 0.00873 0.00871 0.00871 0.00870 0.00865 0.00868 0.00866 0.00864 0.00867 0.00865 0.00865 0.00870 0.00862 0.00861 0.00864 0.00864 0.00859 0.00860 0.00858 0.00859 0.00861 0.00857 0.00858 0.00857 0.00863 0.00858 0.00859 0.00860 0.00858 0.00858 0.00859 0.00856 0.00859 0.00865 0.00862 0.00859 0.00861 0.00860 0.00860 0.00863 0.00863 0.00863 0.00866 0.00865 0.00873 0.00862 0.00869 0.00869 0.00871 0.00870 
TASK          G_EPOCH_NUM CLIENT_NUM L_DATA_NUM L_EPOCH_NUM L_BATCH_SIZE L_LR
FashionMNIST        1000          5       6000           5           64 0.005
0.02673 0.02335 0.01698 0.01519 0.01466 0.01310 0.01004 0.00940 0.00901 0.00869 0.00840 0.00814 0.00793 0.00770 0.00745 0.00733 0.00708 0.00696 0.00684 0.00669 0.00659 0.00654 0.00642 0.00632 0.00623 0.00615 0.00612 0.00608 0.00602 0.00596 0.00590 0.00589 0.00588 0.00579 0.00573 0.00573 0.00571 0.00564 0.00564 0.00558 0.00559 0.00552 0.00561 0.00548 0.00548 0.00546 0.00541 0.00547 0.00542 0.00539 0.00531 0.00535 0.00528 0.00529 0.00524 0.00523 0.00521 0.00527 0.00520 0.00522 0.00517 0.00517 0.00512 0.00519 0.00513 0.00515 0.00507 0.00509 0.00512 0.00509 0.00508 0.00514 0.00511 0.00510 0.00505 0.00507 0.00507 0.00506 0.00508 0.00503 0.00507 0.00507 0.00505 0.00503 0.00504 0.00506 0.00504 0.00502 0.00506 0.00507 0.00506 0.00505 0.00512 0.00507 0.00506 0.00507 0.00514 0.00511 0.00509 0.00508 
TASK          G_EPOCH_NUM CLIENT_NUM L_DATA_NUM L_EPOCH_NUM L_BATCH_SIZE L_LR
FashionMNIST        1000          6       6000           5           64 0.005
0.03511 0.02168 0.01809 0.01703 0.01644 0.01595 0.01553 0.01526 0.01180 0.01146 0.01121 0.01098 0.01077 0.01061 0.01041 0.01029 0.01010 0.00998 0.00991 0.00683 0.00668 0.00657 0.00662 0.00641 0.00628 0.00620 0.00614 0.00610 0.00601 0.00597 0.00591 0.00587 0.00586 0.00579 0.00573 0.00570 0.00570 0.00562 0.00561 0.00555 0.00553 0.00549 0.00548 0.00546 0.00540 0.00537 0.00535 0.00534 0.00533 0.00533 0.00528 0.00526 0.00526 0.00525 0.00519 0.00521 0.00517 0.00518 0.00512 0.00511 0.00510 0.00512 0.00509 0.00506 0.00504 0.00504 0.00501 0.00503 0.00498 0.00502 0.00499 0.00498 0.00497 0.00499 0.00496 0.00494 0.00493 0.00500 0.00493 0.00494 0.00493 0.00490 0.00490 0.00488 0.00485 0.00490 0.00486 0.00488 0.00487 0.00485 0.00484 0.00485 0.00482 0.00485 0.00486 0.00485 0.00483 0.00483 0.00482 0.00482 
TASK          G_EPOCH_NUM CLIENT_NUM L_DATA_NUM L_EPOCH_NUM L_BATCH_SIZE L_LR
FashionMNIST        1000          7       6000           5           64 0.005
0.02079 0.01279 0.01099 0.01033 0.00986 0.00936 0.00900 0.00867 0.00836 0.00813 0.00788 0.00768 0.00747 0.00731 0.00716 0.00700 0.00690 0.00675 0.00663 0.00656 0.00643 0.00632 0.00624 0.00620 0.00611 0.00601 0.00598 0.00593 0.00584 0.00579 0.00575 0.00568 0.00562 0.00562 0.00557 0.00552 0.00549 0.00546 0.00542 0.00539 0.00535 0.00532 0.00529 0.00529 0.00525 0.00524 0.00520 0.00525 0.00516 0.00518 0.00516 0.00513 0.00512 0.00507 0.00506 0.00504 0.00503 0.00502 0.00503 0.00501 0.00498 0.00497 0.00498 0.00495 0.00494 0.00493 0.00492 0.00492 0.00491 0.00490 0.00493 0.00489 0.00488 0.00488 0.00486 0.00486 0.00486 0.00482 0.00484 0.00483 0.00482 0.00481 0.00480 0.00481 0.00481 0.00479 0.00480 0.00478 0.00479 0.00477 0.00477 0.00477 0.00479 0.00478 0.00476 0.00475 0.00476 0.00474 0.00474 0.00474 
TASK          G_EPOCH_NUM CLIENT_NUM L_DATA_NUM L_EPOCH_NUM L_BATCH_SIZE L_LR
SpeechCommand        1000          3       6000           5           64 0.01
0.01698 0.01313 0.01235 0.01171 0.01199 0.01106 0.01090 0.01082 0.01103 0.01085 0.01103 0.01092 0.01133 0.01126 0.01088 0.01088 0.01128 0.01130 0.01123 0.01141 0.01137 0.01114 0.01171 0.01116 0.01153 0.01081 0.01103 0.01130 0.01107 0.01168 0.01113 0.01101 0.01076 0.01132 0.01120 0.01088 0.01092 0.01150 0.01114 0.01124 0.01095 0.01106 0.01121 0.01120 0.01108 0.01131 0.01153 0.01099 0.01128 0.01093 0.01109 0.01101 0.01116 0.01099 0.01063 0.01150 0.01134 0.01108 0.01159 0.01131 0.01105 0.01082 0.01087 0.01119 0.01108 0.01066 0.01128 0.01130 0.01098 0.01107 0.01083 0.01048 0.01176 0.01163 0.01099 0.01099 0.01073 0.01144 0.01110 0.01064 0.01100 0.01101 0.01109 0.01119 0.01109 0.01149 0.01131 0.01088 0.01093 0.01175 0.01084 0.01123 0.01114 0.01092 0.01091 0.01068 0.01111 0.01139 0.01127 0.01151 
TASK          G_EPOCH_NUM CLIENT_NUM L_DATA_NUM L_EPOCH_NUM L_BATCH_SIZE L_LR
SpeechCommand        1000          4       6000           5           64 0.01
0.01868 0.01204 0.01110 0.00976 0.00993 0.00969 0.00948 0.00911 0.00971 0.00954 0.00899 0.00891 0.00903 0.00913 0.00872 0.00900 0.00959 0.00894 0.00896 0.00925 0.00918 0.00903 0.00939 0.00896 0.00947 0.00896 0.00897 0.00911 0.00886 0.00952 0.00900 0.00916 0.00905 0.00898 0.00911 0.00883 0.00880 0.00924 0.00905 TASK          G_EPOCH_NUM CLIENT_NUM L_DATA_NUM L_EPOCH_NUM L_BATCH_SIZE L_LR
FashionMNIST        1000          3       6000           5           64 0.005
0.44800 0.61770 0.69030 0.73680 0.75930 0.77340 0.78180 0.79600 0.80490 0.79050 0.81510 0.82540 0.82400 0.83070 0.83580 0.84010 0.84230 0.84260 0.84770 0.85150 0.85280 0.85380 0.85720 0.85690 0.85810 0.86210 0.86270 0.86020 0.86200 0.86150 0.86200 0.86290 0.86520 0.86700 0.86490 0.86800 0.86920 0.86720 0.86620 0.87060 0.87000 0.87170 0.87280 0.87130 0.87090 0.87300 0.87330 0.87210 0.87340 0.87350 0.87600 0.87550 0.87580 0.87480 0.87320 0.87390 0.87510 0.87450 0.87840 0.87650 0.87490 0.87420 0.87650 0.87660 0.87200 0.87640 0.87550 0.87790 0.87380 0.87620 0.87740 0.87720 0.87590 0.87650 0.87650 0.87660 0.87720 0.87910 0.87830 0.87720 0.87770 0.87670 0.87830 0.87810 0.87980 0.88130 0.87750 0.87270 0.87560 0.87530 0.87960 0.87930 0.87940 0.88020 0.87880 0.87810 0.88050 0.87980 0.87460 0.87790 
TASK          G_EPOCH_NUM CLIENT_NUM L_DATA_NUM L_EPOCH_NUM L_BATCH_SIZE L_LR
FashionMNIST        1000          4       6000           5           64 0.005
0.39250 0.51810 0.54900 0.55570 0.57440 0.59200 0.59680 0.59920 0.61040 0.61340 0.61280 0.62100 0.62360 0.71490 0.71990 0.72760 0.73110 0.73410 0.73620 0.73970 0.73870 0.73800 0.74010 0.74310 0.74200 0.74450 0.76740 0.81380 0.81790 0.81740 0.81930 0.82090 0.82210 0.82110 0.82220 0.82100 0.82290 0.82300 0.82540 0.82490 0.82670 0.82720 0.82620 0.82660 0.82670 0.82790 0.82760 0.82890 0.82910 0.83070 0.83050 0.82850 0.83070 0.82890 0.83100 0.82920 0.83070 0.83030 0.83100 0.83230 0.83180 0.83130 0.87650 0.87610 0.87810 0.87550 0.87570 0.87720 0.87680 0.87700 0.87790 0.87900 0.87800 0.87940 0.87890 0.87920 0.88150 0.88110 0.88060 0.87940 0.88070 0.88150 0.88170 0.88020 0.88230 0.88130 0.88390 0.88190 0.88360 0.88440 0.88200 0.88250 0.88390 0.88050 0.88120 0.88330 0.88250 0.88260 0.88280 0.88360 
TASK          G_EPOCH_NUM CLIENT_NUM L_DATA_NUM L_EPOCH_NUM L_BATCH_SIZE L_LR
FashionMNIST        1000          5       6000           5           64 0.005
0.26300 0.40370 0.44940 0.71080 0.74430 0.75990 0.77460 0.78480 0.80040 0.80860 0.81540 0.81950 0.82590 0.83130 0.83450 0.83750 0.84210 0.84510 0.84640 0.84910 0.85020 0.85260 0.85540 0.85710 0.85750 0.85760 0.85990 0.86010 0.86230 0.86350 0.86560 0.86550 0.86670 0.86570 0.86580 0.86890 0.86960 0.86860 0.87060 0.87150 0.87110 0.87220 0.87350 0.87250 0.87440 0.87410 0.87460 0.87500 0.87620 0.87570 0.87860 0.87700 0.87900 0.87640 0.87990 0.87990 0.87980 0.87920 0.88150 0.88230 0.88180 0.88280 0.87980 0.88230 0.88410 0.88150 0.88220 0.88270 0.88350 0.88350 0.88500 0.88580 0.88530 0.88500 0.88550 0.88510 0.88510 0.88670 0.88480 0.88750 0.88720 0.88660 0.88570 0.88910 0.88590 0.88820 0.88860 0.88900 0.88730 0.88750 0.88930 0.88730 0.88750 0.88940 0.88940 0.88700 0.88750 0.88720 0.88980 0.89130 
TASK          G_EPOCH_NUM CLIENT_NUM L_DATA_NUM L_EPOCH_NUM L_BATCH_SIZE L_LR
FashionMNIST        1000          6       6000           5           64 0.005
0.35260 0.48850 0.53900 0.64230 0.74960 0.76340 0.77510 0.78430 0.79560 0.80750 0.81340 0.82090 0.82430 0.82780 0.83090 0.83370 0.83750 0.84220 0.84410 0.84680 0.84620 0.85070 0.85240 0.85460 0.85450 0.85680 0.85850 0.85750 0.85950 0.86180 0.86200 0.86190 0.86490 0.86430 0.86720 0.86590 0.86510 0.86700 0.86980 0.86770 0.86970 0.86960 0.87070 0.87220 0.87230 0.87340 0.87330 0.87400 0.87510 0.87360 0.87610 0.87520 0.87640 0.87660 0.88040 0.87750 0.87680 0.87930 0.87900 0.88000 0.87990 0.87850 0.88000 0.88200 0.88040 0.88310 0.88050 0.88280 0.88310 0.88320 0.88220 0.88280 0.88260 0.88370 0.88650 0.88410 0.88420 0.88680 0.88510 0.88460 0.88750 0.88530 0.88330 0.88530 0.88610 0.88720 0.88820 0.88660 0.88710 0.88930 0.88690 0.88670 0.88880 0.88830 0.88880 0.88820 0.88860 0.88970 0.88760 0.88850 
TASK          G_EPOCH_NUM CLIENT_NUM L_DATA_NUM L_EPOCH_NUM L_BATCH_SIZE L_LR
FashionMNIST        1000          7       6000           5           64 0.005
0.49420 0.62570 0.64940 0.66420 0.67220 0.68500 0.69350 0.70150 0.71050 0.71810 0.80640 0.81420 0.81940 0.82420 0.82920 0.83090 0.83760 0.83950 0.84240 0.84540 0.84810 0.85180 0.85190 0.85580 0.85450 0.85650 0.85970 0.85970 0.86160 0.86230 0.86490 0.86730 0.86790 0.86870 0.87120 0.87070 0.87130 0.87360 0.87460 0.87480 0.87450 0.87490 0.87600 0.87310 0.87620 0.87620 0.87570 0.87730 0.87690 0.87740 0.87770 0.87640 0.88010 0.87920 0.88090 0.88000 0.88150 0.88130 0.88240 0.88140 0.88170 0.88040 0.88330 0.88310 0.88220 0.88360 0.88490 0.88250 0.88510 0.88540 0.88630 0.88530 0.88620 0.88700 0.88650 0.88660 0.88790 0.88870 0.88780 0.88920 0.88890 0.88910 0.88850 0.88930 0.88970 0.88980 0.89000 0.89090 0.89120 0.89100 0.89060 0.89060 0.89190 0.89060 0.89270 0.89090 0.89220 0.89170 0.89170 0.89230 
TASK          G_EPOCH_NUM CLIENT_NUM L_DATA_NUM L_EPOCH_NUM L_BATCH_SIZE L_LR
SpeechCommand        1000          3       6000           5           64 0.01
0.66633 0.73485 0.75657 0.77410 0.77746 0.78337 0.78237 0.77583 0.77792 0.79000 0.79109 0.79300 0.79673 0.79418 0.79073 0.79782 0.78410 0.78564 0.79237 0.79637 0.79673 0.79882 0.80291 0.79982 0.80273 0.80654 0.79355 0.80264 0.80200 0.79809 0.80990 0.80772 0.80482 0.80845 0.81009 0.80582 0.80745 0.80591 0.79736 0.80727 0.81145 0.80572 0.81290 0.80309 0.80672 0.79673 0.81254 0.80645 0.80236 0.80881 0.81726 0.80582 0.81627 0.80572 0.80554 0.80718 0.81863 0.80854 0.80654 0.81081 0.80091 0.81072 0.81572 0.80654 0.81072 0.80727 0.81290 0.80682 0.80682 0.81090 0.81118 0.81163 0.80872 0.80391 0.81290 0.80473 0.81054 0.81045 0.81536 0.80927 0.81154 0.81318 0.81263 0.81436 0.81708 0.81263 0.80563 0.81390 0.81000 0.81372 0.81708 0.81463 0.81836 0.80818 0.81772 0.81863 0.80990 0.81327 0.80945 0.81163 
TASK          G_EPOCH_NUM CLIENT_NUM L_DATA_NUM L_EPOCH_NUM L_BATCH_SIZE L_LR
SpeechCommand        1000          4       6000           5           64 0.01
0.70550 0.76165 0.78092 0.78728 0.80454 0.81327 0.80891 0.80872 0.82317 0.82881 0.82562 0.83253 0.82871 0.82217 0.83090 0.83026 0.83126 0.83571 0.83925 0.83498 0.84362 0.83662 0.83862 0.83744 0.84144 0.83753 0.84562 0.84507 0.84416 0.84180 0.84216 0.83998 0.83916 0.83916 0.83962 0.83871 0.84471 0.84253 0.84080 0.84471 0.84253 0.84216 0.84316 0.84262 0.84016 0.84689 0.84144 0.83998 0.84607 0.83680 0.84780 0.84534 0.84662 0.84453 0.84643 0.84761 0.84807 0.85034 0.83826 0.84425 0.84789 0.84980 0.84871 0.84189 0.83953 0.85107 0.84062 0.84480 0.84580 0.85325 0.84380 0.85052 0.84643 0.85061 0.84698 0.84889 0.84416 0.85134 0.84998 0.84607 0.84662 0.84289 0.84634 0.84244 0.84871 0.84371 0.84871 0.84807 0.84943 0.84053 0.84552 0.84898 0.84425 0.84643 0.85334 0.85034 0.84725 0.85034 0.84725 0.84643 
TASK          G_EPOCH_NUM CLIENT_NUM L_DATA_NUM L_EPOCH_NUM L_BATCH_SIZE L_LR
SpeechCommand        1000          5       6000           5           64 0.01
0.69841 0.76374 0.78564 0.80572 0.80536 0.82099 0.82672 0.82444 0.83326 0.83035 0.82817 0.82226 0.83471 0.83553 0.83798 0.83389 0.84044 0.83844 0.84480 0.84398 0.84625 0.84007 0.84780 0.84244 0.84716 0.85116 0.85016 0.84216 0.84961 0.85361 0.84743 0.84834 0.85452 0.85679 0.85298 0.85216 0.85116 0.85915 0.85261 0.85788 0.85279 0.84970 0.85843 0.85843 0.86452 0.85843 0.86261 0.85743 0.85861 0.85915 0.85779 0.85797 0.86352 0.85970 0.86115 0.86025 0.86388 0.86088 0.86006 0.85988 0.86306 0.86433 0.86006 0.85679 0.85979 0.85770 0.85725 0.86215 0.86324 0.86088 0.85897 0.86697 0.85643 0.86561 0.86261 0.86443 0.86106 0.86424 0.85934 0.86161 0.86243 0.86533 0.85761 0.86315 0.85870 0.86234 0.85570 0.85625 0.86370 0.86052 0.85979 0.85861 0.86224 0.86470 0.86088 0.86206 0.86461 0.86124 0.85906 0.86379 
TASK          G_EPOCH_NUM CLIENT_NUM L_DATA_NUM L_EPOCH_NUM L_BATCH_SIZE L_LR
SpeechCommand        1000          6       6000           5           64 0.01
0.71104 0.78791 0.81527 0.82881 0.83753 0.83935 0.83326 0.84980 0.85016 0.85161 0.85252 0.86015 0.85061 0.86297 0.86270 0.86252 0.86479 0.86279 0.86488 0.86761 0.86306 0.86724 0.86570 0.86479 0.86497 0.87215 0.86761 0.87070 0.86833 0.86715 0.86606 0.86579 0.87015 0.86751 0.87333 0.87233 0.87251 0.87015 0.86733 0.87079 0.87342 0.86933 0.86397 0.87151 0.87179 0.87269 0.87179 0.86951 0.86851 0.86697 0.86606 0.87515 0.86861 0.87151 0.87015 0.87388 0.87424 0.86724 0.86870 0.86724 0.87260 0.86933 0.87124 0.87215 0.87079 0.87460 0.87315 0.86906 0.87306 0.87551 0.87815 0.87442 0.87315 0.87488 0.87896 0.87451 0.87378 0.87106 0.87333 0.87687 0.87833 0.87169 0.87542 0.87124 0.87442 0.87624 0.87706 0.87070 0.87369 0.87960 0.87715 0.88005 0.87497 0.87587 0.88078 0.87424 0.87269 0.87660 0.87669 0.87642 
TASK          G_EPOCH_NUM CLIENT_NUM L_DATA_NUM L_EPOCH_NUM L_BATCH_SIZE L_LR
SpeechCommand        1000          7       6000           5           64 0.01
0.69223 0.77828 0.80954 0.82617 0.83471 0.84562 0.84334 0.84625 0.85089 0.85525 0.85498 0.85725 0.85525 0.86206 0.86588 0.86315 0.86106 0.86243 0.86243 0.86497 0.86333 0.86379 0.86679 0.86533 0.86706 0.86542 0.86270 0.86724 0.86561 0.87160 0.86861 0.86988 0.86942 0.87324 0.86697 0.86588 0.87233 0.87478 0.87342 0.87315 0.87406 0.87215 0.87306 0.87333 0.87569 0.87751 0.87542 0.87051 0.87324 0.87288 0.87787 0.87815 0.87542 0.87024 0.87978 0.87342 0.87533 0.87542 0.87933 0.87615 0.87742 0.87360 0.87787 0.87297 0.87742 0.87369 0.87360 0.87751 0.87960 0.87433 0.87951 0.87378 0.87905 0.87224 0.87905 0.87896 0.87697 0.87833 0.87887 0.87560 0.87488 0.87497 0.87606 0.87915 0.87669 0.87706 0.87933 0.87915 0.87769 0.87324 0.87478 0.87796 0.87179 0.88015 0.88060 0.87687 0.88205 0.88005 0.88105 0.87497 
TASK          G_EPOCH_NUM CLIENT_NUM L_DATA_NUM L_EPOCH_NUM L_BATCH_SIZE L_LR
AG_NEWS             1000          3       6000           5           64  0.1
0.37566 0.45855 0.51539 0.56329 0.60737 0.64382 0.67447 0.70066 0.72026 0.73553 0.74697 0.75816 0.76658 0.77553 0.78316 0.79053 0.79842 0.80434 0.80947 0.81500 0.81947 0.82224 0.82605 0.82868 0.83197 0.83408 0.83632 0.83987 0.84211 0.84408 0.84566 0.84697 0.84816 0.84961 0.85013 0.85118 0.85250 0.85395 0.85500 0.85553 0.85592 0.85684 0.85816 0.85934 0.86000 0.86053 0.86184 0.86197 0.86303 0.86395 0.86461 0.86539 0.86605 0.86658 0.86737 0.86803 0.86895 0.86947 0.86961 0.86974 0.87013 0.87066 0.87132 0.87171 0.87224 0.87237 0.87263 0.87303 0.87303 0.87342 0.87355 0.87382 0.87395 0.87342 0.87408 0.87434 0.87461 0.87539 0.87579 0.87632 0.87684 0.87671 0.87658 0.87684 0.87750 0.87724 0.87711 0.87763 0.87776 0.87763 0.87763 0.87763 0.87750 0.87750 0.87776 0.87776 0.87803 0.87789 0.87763 0.87776 
TASK          G_EPOCH_NUM CLIENT_NUM L_DATA_NUM L_EPOCH_NUM L_BATCH_SIZE L_LR
AG_NEWS             1000          4       6000           5           64  0.1
0.40776 0.48421 0.53382 0.57526 0.61513 0.64763 0.67566 0.69855 0.72158 0.74039 0.75408 0.76408 0.77553 0.78645 0.79447 0.80026 0.80474 0.81276 0.81816 0.82211 0.82711 0.83026 0.83263 0.83421 0.83803 0.84079 0.84368 0.84618 0.84868 0.85026 0.85211 0.85303 0.85434 0.85500 0.85566 0.85711 0.85816 0.85934 0.86039 0.86118 0.86118 0.86158 0.86316 0.86355 0.86461 0.86539 0.86645 0.86737 0.86789 0.86816 0.86842 0.86882 0.86961 0.86947 0.86947 0.87013 0.87092 0.87145 0.87197 0.87250 0.87342 0.87368 0.87395 0.87408 0.87447 0.87500 0.87526 0.87566 0.87605 0.87592 0.87645 0.87671 0.87711 0.87724 0.87737 0.87750 0.87724 0.87789 0.87855 0.87934 0.87961 0.87947 0.87934 0.87947 0.87947 0.87961 0.87947 0.87947 0.87961 0.87987 0.87987 0.87961 0.87934 0.87921 0.87934 0.87961 0.87961 0.87974 0.88013 0.88039 
TASK          G_EPOCH_NUM CLIENT_NUM L_DATA_NUM L_EPOCH_NUM L_BATCH_SIZE L_LR
AG_NEWS             1000          5       6000           5           64  0.1
0.44276 0.51408 0.55289 0.58934 0.62461 0.65789 0.68158 0.70711 0.72763 0.74355 0.75658 0.76737 0.77855 0.78816 0.79395 0.80026 0.80829 0.81434 0.81816 0.82224 0.82474 0.82934 0.83263 0.83513 0.83645 0.83987 0.84368 0.84645 0.84882 0.85066 0.85263 0.85395 0.85579 0.85711 0.85789 0.85842 0.85908 0.85974 0.86079 0.86197 0.86329 0.86421 0.86474 0.86566 0.86658 0.86671 0.86711 0.86724 0.86776 0.86829 0.86868 0.86921 0.86987 0.86974 0.87026 0.87079 0.87132 0.87224 0.87342 0.87342 0.87447 0.87461 0.87487 0.87513 0.87566 0.87592 0.87618 0.87645 0.87750 0.87803 0.87776 0.87842 0.87855 0.87895 0.87921 0.87961 0.87987 0.87987 0.87947 0.87974 0.87974 0.87974 0.88000 0.88039 0.88092 0.88118 0.88158 0.88197 0.88197 0.88224 0.88263 0.88316 0.88316 0.88395 0.88408 0.88447 0.88447 0.88434 0.88447 0.88421 
TASK          G_EPOCH_NUM CLIENT_NUM L_DATA_NUM L_EPOCH_NUM L_BATCH_SIZE L_LR
AG_NEWS             1000          6       6000           5           64  0.1
0.39803 0.47250 0.52500 0.56618 0.60250 0.63842 0.66947 0.69566 0.71553 0.73211 0.74829 0.76184 0.77316 0.78355 0.79316 0.79961 0.80526 0.81184 0.81632 0.82118 0.82513 0.82921 0.83250 0.83526 0.83776 0.84026 0.84289 0.84421 0.84750 0.84882 0.85066 0.85118 0.85289 0.85368 0.85539 0.85632 0.85697 0.85816 0.85961 0.86026 0.86079 0.86237 0.86408 0.86500 0.86553 0.86658 0.86671 0.86737 0.86763 0.86763 0.86842 0.86882 0.86947 0.86974 0.87066 0.87092 0.87184 0.87289 0.87329 0.87329 0.87329 0.87368 0.87487 0.87526 0.87579 0.87658 0.87671 0.87684 0.87697 0.87711 0.87763 0.87842 0.87934 0.87921 0.87947 0.87974 0.87987 0.88013 0.88013 0.88053 0.88145 0.88145 0.88132 0.88184 0.88237 0.88237 0.88224 0.88237 0.88250 0.88303 0.88355 0.88368 0.88421 0.88461 0.88474 0.88474 0.88461 0.88461 0.88474 0.88461 
TASK          G_EPOCH_NUM CLIENT_NUM L_DATA_NUM L_EPOCH_NUM L_BATCH_SIZE L_LR
AG_NEWS             1000          7       6000           5           64  0.1
0.40382 0.48921 0.53539 0.57434 0.61434 0.64921 0.68013 0.70579 0.72658 0.74421 0.75750 0.76803 0.77737 0.78263 0.79066 0.79579 0.80276 0.80763 0.81329 0.81750 0.82105 0.82355 0.82671 0.83053 0.83237 0.83474 0.83750 0.84026 0.84289 0.84487 0.84684 0.85000 0.85224 0.85355 0.85434 0.85632 0.85750 0.85974 0.86079 0.86211 0.86342 0.86605 0.86671 0.86697 0.86803 0.86842 0.86895 0.86934 0.87000 0.87026 0.87171 0.87224 0.87263 0.87368 0.87434 0.87566 0.87632 0.87684 0.87697 0.87724 0.87737 0.87763 0.87776 0.87803 0.87842 0.87868 0.87855 0.87895 0.87961 0.88039 0.88026 0.88039 0.88026 0.88079 0.88118 0.88145 0.88171 0.88197 0.88237 0.88276 0.88303 0.88329 0.88342 0.88368 0.88421 0.88382 0.88395 0.88395 0.88368 0.88395 0.88421 0.88447 0.88487 0.88500 0.88500 0.88513 0.88579 0.88632 0.88658 0.88658 
