TASK          G_EPOCH_NUM CLIENT_NUM L_DATA_NUM L_EPOCH_NUM L_BATCH_SIZE L_LR
FashionMNIST        1000          5       6000           5           64 0.01
0.02382 0.02016 0.01876 0.01813 0.01758 0.01718 0.01682 0.01652 0.01288 0.01258 0.01240 0.01226 0.01209 0.01197 0.01189 0.00977 0.00956 0.00937 0.00933 0.00916 0.00908 0.00900 0.00896 0.00889 0.00879 0.00878 0.00872 0.00871 0.00862 0.00859 0.00855 0.00852 0.00853 0.00850 0.00845 0.00847 0.00842 0.00840 0.00837 0.00837 0.00831 0.00832 0.00834 0.00837 0.00831 0.00829 0.00827 0.00831 0.00828 0.00836 0.00829 0.00829 0.00830 0.00829 0.00828 0.00831 0.00829 0.00835 0.00830 0.00831 0.00831 0.00836 0.00832 0.00834 0.00840 0.00834 0.00835 0.00841 0.00839 0.00846 0.00843 0.00841 0.00843 0.00843 0.00846 0.00853 0.00855 0.00849 0.00852 0.00857 0.00857 0.00859 0.00862 0.00861 0.00861 0.00868 0.00866 0.00873 0.00880 0.00883 0.00874 0.00884 0.00882 0.00884 0.00892 0.00891 0.00893 0.00895 0.00896 0.00908 
TASK          G_EPOCH_NUM CLIENT_NUM L_DATA_NUM L_EPOCH_NUM L_BATCH_SIZE L_LR
AG_NEWS             1000          5       6000           5           64 0.01
0.02172 0.02164 0.02157 0.02149 0.02141 0.02134 0.02126 0.02119 0.02111 0.02104 0.02096 0.02088 0.02080 0.02072 0.02064 0.02055 0.02047 0.02038 0.02029 0.02020 0.02011 0.02001 0.01992 0.01982 0.01972 0.01962 0.01952 0.01941 0.01931 0.01920 0.01909 0.01898 0.01887 0.01876 0.01865 0.01854 0.01843 0.01831 0.01820 0.01808 0.01796 0.01785 0.01773 0.01761 0.01750 0.01738 0.01726 0.01715 0.01703 0.01691 0.01679 0.01668 0.01657 0.01645 0.01633 0.01622 0.01611 0.01600 0.01588 0.01577 0.01566 0.01555 0.01544 0.01533 0.01523 0.01512 0.01501 0.01491 0.01481 0.01471 0.01460 0.01450 0.01441 0.01431 0.01421 0.01411 0.01402 0.01392 0.01384 0.01375 0.01365 0.01357 0.01348 0.01339 0.01330 0.01322 0.01314 0.01305 0.01298 0.01290 0.01282 0.01274 0.01266 0.01259 0.01251 0.01244 0.01237 0.01230 0.01222 0.01216 
TASK          G_EPOCH_NUM CLIENT_NUM L_DATA_NUM L_EPOCH_NUM L_BATCH_SIZE L_LR
SpeechCommand        1000          5       6000           5           64 0.01
0.01499 0.01158 0.01010 0.00974 0.00908 0.00899 0.00861 0.00897 0.00835 0.00836 0.00843 0.00812 0.00846 0.00842 0.00822 0.00806 0.00806 0.00816 0.00843 0.00825 0.00799 0.00781 0.00809 0.00801 0.00793 0.00824 0.00812 0.00800 0.00815 0.00815 0.00793 0.00790 0.00768 0.00825 0.00809 0.00777 0.00800 0.00793 0.00796 0.00791 0.00785 0.00819 0.00788 0.00780 0.00833 0.00778 0.00788 0.00783 0.00808 0.00781 0.00796 0.00772 0.00761 0.00767 0.00787 0.00798 0.00774 0.00770 0.00780 0.00810 0.00785 0.00780 0.00808 0.00791 0.00778 0.00772 0.00780 0.00796 0.00787 0.00793 0.00786 0.00801 0.00785 0.00789 0.00777 0.00809 0.00776 0.00790 0.00781 0.00793 0.00789 0.00783 0.00760 0.00785 0.00757 0.00792 0.00797 0.00775 0.00800 0.00855 0.00780 0.00768 0.00782 0.00793 0.00779 0.00776 0.00784 0.00785 0.00814 0.00790 
TASK          G_EPOCH_NUM CLIENT_NUM L_DATA_NUM L_EPOCH_NUM L_BATCH_SIZE L_LR
FashionMNIST        1000          5       6000           5           64 0.005
0.03245 0.02175 0.01990 0.01919 0.01880 0.01576 0.01519 0.01493 0.01463 0.01434 0.01418 0.01405 0.01380 0.01371 0.01354 0.01347 0.01334 0.01091 0.01051 0.01039 0.01021 0.01003 0.00996 0.00983 0.00977 0.00961 0.00954 0.00946 0.00940 0.00932 0.00933 0.00920 0.00915 0.00910 0.00910 0.00904 0.00898 0.00901 0.00894 0.00890 0.00886 0.00884 0.00886 0.00877 0.00876 0.00872 0.00872 0.00869 0.00868 0.00863 0.00864 0.00862 0.00861 0.00856 0.00864 0.00857 0.00853 0.00852 0.00848 0.00846 0.00846 0.00850 0.00844 0.00842 0.00842 0.00843 0.00842 0.00840 0.00841 0.00836 0.00836 0.00838 0.00837 0.00837 0.00837 0.00836 0.00833 0.00842 0.00837 0.00829 0.00834 0.00831 0.00831 0.00830 0.00834 0.00835 0.00828 0.00834 0.00829 0.00836 0.00826 0.00826 0.00832 0.00830 0.00838 0.00829 0.00830 0.00830 0.00833 0.00832 
TASK          G_EPOCH_NUM CLIENT_NUM L_DATA_NUM L_EPOCH_NUM L_BATCH_SIZE L_LR
AG_NEWS             1000          5       6000           5           64 0.05
0.02125 0.02088 0.02048 0.02004 0.01957 0.01905 0.01850 0.01793 0.01736 0.01677 0.01620 0.01564 0.01510 0.01457 0.01408 0.01361 0.01318 0.01277 0.01239 0.01203 0.01170 0.01139 0.01111 0.01084 0.01060 0.01037 0.01016 0.00996 0.00978 0.00961 0.00945 0.00929 0.00915 0.00902 0.00889 0.00876 0.00866 0.00855 0.00845 0.00836 0.00826 0.00818 0.00810 0.00802 0.00794 0.00787 0.00780 0.00773 0.00768 0.00761 0.00756 0.00750 0.00745 0.00739 0.00735 0.00730 0.00726 0.00721 0.00717 0.00713 0.00710 0.00705 0.00701 0.00697 0.00694 0.00691 0.00688 0.00685 0.00681 0.00679 0.00676 0.00674 0.00670 0.00668 0.00665 0.00662 0.00661 0.00658 0.00657 0.00654 0.00651 0.00649 0.00647 0.00645 0.00643 0.00641 0.00640 0.00638 0.00636 0.00634 0.00632 0.00630 0.00629 0.00628 0.00626 0.00624 0.00623 0.00622 0.00621 0.00618 
TASK          G_EPOCH_NUM CLIENT_NUM L_DATA_NUM L_EPOCH_NUM L_BATCH_SIZE L_LR
AG_NEWS             1000          5       6000           5           64 0.075
0.02120 0.02064 0.01999 0.01925 0.01845 0.01762 0.01678 0.01595 0.01515 0.01441 0.01372 0.01310 0.01253 0.01203 0.01157 0.01116 0.01078 0.01045 0.01015 0.00987 0.00963 0.00940 0.00919 0.00900 0.00883 0.00867 0.00852 0.00838 0.00825 0.00813 0.00802 0.00792 0.00782 0.00773 0.00764 0.00756 0.00748 0.00741 0.00735 0.00727 0.00721 0.00715 0.00709 0.00705 0.00699 0.00694 0.00690 0.00685 0.00682 0.00677 0.00673 0.00669 0.00666 0.00662 0.00660 0.00656 0.00652 0.00650 0.00646 0.00644 0.00642 0.00639 0.00636 0.00635 0.00631 0.00629 0.00627 0.00626 0.00623 0.00621 0.00620 0.00618 0.00616 0.00614 0.00612 0.00610 0.00608 0.00608 0.00606 0.00605 0.00604 0.00602 0.00600 0.00599 0.00598 0.00596 0.00595 0.00594 0.00593 0.00592 0.00590 0.00589 0.00588 0.00587 0.00587 0.00585 0.00585 0.00584 0.00583 0.00582 
TASK          G_EPOCH_NUM CLIENT_NUM L_DATA_NUM L_EPOCH_NUM L_BATCH_SIZE L_LR
AG_NEWS             1000          5       6000           5           64  0.1
0.02099 0.02009 0.01902 0.01783 0.01664 0.01549 0.01443 0.01349 0.01266 0.01194 0.01133 0.01080 0.01034 0.00995 0.00960 0.00930 0.00902 0.00877 0.00856 0.00837 0.00819 0.00803 0.00789 0.00775 0.00763 0.00751 0.00741 0.00731 0.00722 0.00713 0.00705 0.00698 0.00691 0.00684 0.00678 0.00672 0.00667 0.00662 0.00657 0.00652 0.00648 0.00644 0.00640 0.00636 0.00632 0.00629 0.00625 0.00622 0.00619 0.00616 0.00613 0.00611 0.00608 0.00606 0.00603 0.00601 0.00599 0.00597 0.00595 0.00593 0.00591 0.00589 0.00588 0.00586 0.00585 0.00583 0.00582 0.00580 0.00579 0.00578 0.00577 0.00576 0.00575 0.00573 0.00572 0.00572 0.00570 0.00568 0.00568 0.00567 0.00566 0.00565 0.00564 0.00564 0.00563 0.00562 0.00562 0.00562 0.00562 0.00560 0.00559 0.00559 0.00559 0.00558 0.00557 0.00558 0.00556 0.00556 0.00555 0.00555 
TASK          G_EPOCH_NUM CLIENT_NUM L_DATA_NUM L_EPOCH_NUM L_BATCH_SIZE L_LR
FashionMNIST        1000          3       6000           5           64 0.005
0.03357 0.01827 0.01547 0.01432 0.01360 0.01311 0.01250 0.01220 0.01185 0.01163 0.01142 0.01121 0.01101 0.01085 0.01072 0.01060 0.01048 0.01040 0.01020 0.01014 0.01003 0.01005 0.01000 0.01003 0.00976 0.00972 0.00970 0.00966 0.00962 0.00951 0.00956 0.00952 0.00944 0.00939 0.00941 0.00950 0.00933 0.00931 0.00925 0.00928 0.00936 0.00931 0.00923 0.00929 0.00928 0.00924 0.00913 0.00920 0.00930 0.00919 0.00927 0.00913 0.00910 0.00918 0.00918 0.00911 0.00912 0.00929 0.00916 0.00920 0.00921 0.00919 0.00917 0.00930 0.00924 0.00920 0.00923 0.00920 0.00927 0.00925 0.00923 0.00932 0.00930 0.00929 0.00930 0.00939 0.00941 0.00947 0.00942 0.00953 0.00956 0.00948 0.00949 0.00953 0.00949 0.00960 0.00961 0.00967 0.00970 0.00971 0.00976 0.00978 0.00975 0.00983 0.00998 0.01003 0.00992 0.00995 0.01001 0.00999 
TASK          G_EPOCH_NUM CLIENT_NUM L_DATA_NUM L_EPOCH_NUM L_BATCH_SIZE L_LR
FashionMNIST        1000          4       6000           5           64 0.005
0.03532 0.01624 0.01216 0.01060 0.00993 0.00935 0.00891 0.00854 0.00820 0.00801 0.00765 0.00752 0.00724 0.00710 0.00694 0.00679 0.00670 0.00656 0.00641 0.00634 0.00630 0.00622 0.00619 0.00604 0.00601 0.00599 0.00593 0.00585 0.00590 0.00583 0.00572 0.00569 0.00567 0.00563 0.00568 0.00561 0.00558 0.00561 0.00554 0.00549 0.00547 0.00548 0.00546 0.00543 0.00539 0.00539 0.00538 0.00537 0.00536 0.00543 0.00535 0.00533 0.00536 0.00531 0.00528 0.00530 0.00527 0.00528 0.00530 0.00534 0.00531 0.00527 0.00530 0.00532 0.00529 0.00529 0.00532 0.00528 0.00527 0.00531 0.00528 0.00532 0.00525 0.00527 0.00526 0.00531 0.00531 0.00529 0.00530 0.00531 0.00533 0.00535 0.00531 0.00535 0.00536 0.00540 0.00539 0.00540 0.00545 0.00540 0.00538 0.00550 0.00548 0.00545 0.00546 0.00553 0.00546 0.00556 0.00559 0.00554 
TASK          G_EPOCH_NUM CLIENT_NUM L_DATA_NUM L_EPOCH_NUM L_BATCH_SIZE L_LR
FashionMNIST        1000          5       6000           5           64 0.005
0.03135 0.02624 0.02516 0.02458 0.02412 0.02136 0.01666 0.01586 0.01543 0.01247 0.01209 0.01176 0.01145 0.01123 0.01102 0.01088 0.01073 0.01049 0.01034 0.01021 0.01012 0.00999 0.00987 0.00988 0.00973 0.00967 0.00958 0.00957 0.00946 0.00942 0.00940 0.00933 0.00927 0.00925 0.00924 0.00916 0.00916 0.00917 0.00909 0.00910 0.00907 0.00901 0.00898 0.00898 0.00894 0.00894 0.00890 0.00889 0.00886 0.00883 0.00882 0.00882 0.00880 0.00880 0.00876 0.00880 0.00873 0.00874 0.00879 0.00871 0.00872 0.00868 0.00868 0.00872 0.00867 0.00865 0.00872 0.00868 0.00863 0.00863 0.00865 0.00862 0.00864 0.00868 0.00862 0.00864 0.00861 0.00860 0.00863 0.00862 0.00862 0.00861 0.00861 0.00860 0.00863 0.00861 0.00862 0.00870 0.00867 0.00867 0.00865 0.00870 0.00869 0.00868 0.00870 0.00867 0.00869 0.00869 0.00871 0.00869 
TASK          G_EPOCH_NUM CLIENT_NUM L_DATA_NUM L_EPOCH_NUM L_BATCH_SIZE L_LR
FashionMNIST        1000          6       6000           5           64 0.005
0.03282 0.01692 0.01477 0.01400 0.01345 0.01300 0.01264 0.01229 0.01197 0.01168 0.01140 0.01123 0.01102 0.01087 0.01075 0.01051 0.01035 0.01025 0.01018 0.01009 0.00994 0.00988 0.00982 0.00973 0.00967 0.00960 0.00954 0.00951 0.00948 0.00941 0.00939 0.00933 0.00929 0.00927 0.00922 0.00920 0.00916 0.00912 0.00910 0.00910 0.00904 0.00900 0.00898 0.00898 0.00894 0.00891 0.00890 0.00887 0.00884 0.00885 0.00883 0.00883 0.00884 0.00874 0.00876 0.00876 0.00874 0.00870 0.00869 0.00866 0.00867 0.00864 0.00863 0.00862 0.00862 0.00861 0.00859 0.00861 0.00859 0.00856 0.00857 0.00857 0.00854 0.00855 0.00855 0.00853 0.00851 0.00851 0.00850 0.00849 0.00857 0.00849 0.00851 0.00851 0.00847 0.00847 0.00852 0.00846 0.00856 0.00845 0.00848 0.00845 0.00850 0.00846 0.00846 0.00842 0.00846 0.00843 0.00845 0.00842 
TASK          G_EPOCH_NUM CLIENT_NUM L_DATA_NUM L_EPOCH_NUM L_BATCH_SIZE L_LR
FashionMNIST        1000          7       6000           5           64 0.005
0.02326 0.01559 0.01412 0.01353 0.01309 0.01268 0.01233 0.01205 0.01167 0.01134 0.01108 0.01083 0.01066 0.01043 0.01025 0.01011 0.00996 0.00982 0.00971 0.00961 0.00951 0.00948 0.00935 0.00931 0.00921 0.00922 0.00911 0.00905 0.00900 0.00896 0.00891 0.00887 0.00884 0.00576 0.00566 0.00559 0.00555 0.00551 0.00545 0.00543 0.00541 0.00535 0.00533 0.00529 0.00528 0.00523 0.00524 0.00519 0.00517 0.00515 0.00513 0.00510 0.00510 0.00505 0.00509 0.00501 0.00499 0.00502 0.00497 0.00495 0.00493 0.00491 0.00490 0.00491 0.00487 0.00488 0.00485 0.00484 0.00482 0.00482 0.00480 0.00479 0.00479 0.00477 0.00477 0.00474 0.00473 0.00473 0.00473 0.00474 0.00472 0.00471 0.00471 0.00468 0.00468 0.00468 0.00468 0.00468 0.00465 0.00468 0.00466 0.00466 0.00466 0.00464 0.00469 0.00466 0.00463 0.00465 0.00462 0.00466 
TASK          G_EPOCH_NUM CLIENT_NUM L_DATA_NUM L_EPOCH_NUM L_BATCH_SIZE L_LR
SpeechCommand        1000          3       6000           5           64 0.01
0.01709 0.01319 0.01217 0.01178 0.01113 0.01191 0.01078 0.01114 0.01194 0.01157 0.01092 0.01121 0.01127 0.01160 0.01143 0.01155 0.01166 0.01102 0.01133 0.01202 0.01202 0.01151 0.01267 0.01166 0.01183 0.01174 0.01102 0.01112 0.01106 0.01133 0.01167 0.01087 0.01121 0.01154 0.01119 0.01171 0.01172 0.01147 0.01125 0.01095 0.01142 0.01115 0.01062 0.01128 0.01105 0.01181 0.01239 0.01119 0.01149 0.01095 0.01139 0.01271 0.01204 0.01120 0.01095 0.01103 0.01109 0.01160 0.01104 0.01068 0.01134 0.01125 0.01108 0.01103 0.01134 0.01178 0.01075 0.01109 0.01084 0.01089 0.01129 0.01137 0.01158 0.01142 0.01108 0.01063 0.01102 0.01123 0.01100 0.01093 0.01137 0.01086 0.01106 0.01094 0.01104 0.01101 0.01067 0.01218 0.01098 0.01149 0.01142 0.01085 0.01125 0.01121 0.01196 0.01108 0.01095 0.01093 0.01088 0.01106 
TASK          G_EPOCH_NUM CLIENT_NUM L_DATA_NUM L_EPOCH_NUM L_BATCH_SIZE L_LR
SpeechCommand        1000          4       6000           5           64 0.01
0.01582 0.01207 0.01084 0.01021 0.00984 0.00987 0.01008 0.00944 0.00935 0.00940 0.00936 0.00910 0.00887 0.00941 0.00888 0.00929 0.00895 0.00916 0.00919 0.00879 0.00914 0.00909 0.00897 0.00885 0.00918 0.00950 0.00933 0.00905 0.00888 0.00882 0.00876 0.00919 0.00912 0.00899 0.00946 0.00891 0.00887 0.00912 TASK          G_EPOCH_NUM CLIENT_NUM L_DATA_NUM L_EPOCH_NUM L_BATCH_SIZE L_LR
FashionMNIST        1000          3       6000           5           64 0.005
0.19250 0.46500 0.48590 0.55210 0.56300 0.56930 0.57410 0.57890 0.58430 0.58630 0.59210 0.59320 0.59380 0.59600 0.59910 0.59800 0.60060 0.60310 0.60400 0.60460 0.60680 0.60590 0.60780 0.60580 0.60880 0.60850 0.61140 0.61110 0.61340 0.61000 0.61250 0.61300 0.61250 0.67220 0.67450 0.67770 0.67820 0.67990 0.67720 0.67910 0.68400 0.68180 0.68140 0.68450 0.68350 0.68540 0.68530 0.68510 0.68630 0.68650 0.68510 0.68620 0.68650 0.68810 0.68610 0.68750 0.68810 0.68900 0.68740 0.68910 0.68660 0.68530 0.68900 0.68810 0.68880 0.68880 0.68910 0.69060 0.68940 0.69190 0.69190 0.69140 0.68940 0.69040 0.69020 0.69150 0.69050 0.69180 0.69130 0.69130 0.69210 0.68960 0.69260 0.69390 0.69140 0.69300 0.69110 0.69140 0.69050 0.69330 0.69170 0.69270 0.69290 0.69090 0.69210 0.69080 0.69140 0.69320 0.69230 0.69080 
TASK          G_EPOCH_NUM CLIENT_NUM L_DATA_NUM L_EPOCH_NUM L_BATCH_SIZE L_LR
FashionMNIST        1000          4       6000           5           64 0.005
0.57260 0.68610 0.71170 0.72140 0.73320 0.74180 0.74800 0.75500 0.76130 0.76630 0.76780 0.77410 0.77450 0.77750 0.77970 0.78190 0.78400 0.78600 0.78810 0.79010 0.79060 0.79120 0.79300 0.79550 0.79470 0.85240 0.85500 0.85810 0.85920 0.86200 0.86170 0.86150 0.86510 0.86640 0.86340 0.86360 0.86700 0.86830 0.86910 0.87010 0.87170 0.87060 0.87230 0.87210 0.87480 0.87200 0.87350 0.87450 0.87340 0.87330 0.87530 0.87520 0.87620 0.87900 0.87500 0.87560 0.87440 0.87770 0.87900 0.87630 0.88050 0.87860 0.87840 0.87900 0.87940 0.87870 0.88010 0.87850 0.88100 0.87890 0.88100 0.88080 0.87960 0.87940 0.88040 0.88200 0.87930 0.87700 0.88070 0.88170 0.88240 0.88220 0.88230 0.88010 0.88380 0.88280 0.88240 0.88230 0.88400 0.88150 0.88320 0.88230 0.88380 0.88260 0.88620 0.88300 0.88360 0.88340 0.88450 0.88340 
TASK          G_EPOCH_NUM CLIENT_NUM L_DATA_NUM L_EPOCH_NUM L_BATCH_SIZE L_LR
FashionMNIST        1000          5       6000           5           64 0.005
0.20070 0.28350 0.28510 0.28580 0.28610 0.30660 0.31080 0.31180 0.31270 0.31220 0.31430 0.38870 0.39210 0.39860 0.40350 0.40670 0.41020 0.41210 0.41270 0.41570 0.41590 0.41480 0.41830 0.41920 0.42120 0.42050 0.42210 0.42260 0.42260 0.42240 0.42440 0.42350 0.42550 0.42520 0.42510 0.42300 0.42540 0.42520 0.42470 0.42580 0.42730 0.42640 0.42790 0.42820 0.42730 0.42800 0.42900 0.42970 0.42880 0.42950 0.42980 0.42840 0.43070 0.43010 0.43090 0.43110 0.43180 0.43130 0.43230 0.43140 0.43240 0.43150 0.43180 0.43180 0.43190 0.43270 0.43300 0.43290 0.43320 0.43310 0.43330 0.43400 0.43100 0.43480 0.43420 0.43400 0.43450 0.43480 0.43420 0.43370 0.43530 0.43390 0.43540 0.43290 0.43410 0.43540 0.43350 0.43520 0.43440 0.43580 0.43440 0.43610 0.43590 0.43440 0.43630 0.43550 0.43500 0.43580 0.43570 0.43430 
TASK          G_EPOCH_NUM CLIENT_NUM L_DATA_NUM L_EPOCH_NUM L_BATCH_SIZE L_LR
FashionMNIST        1000          6       6000           5           64 0.005
0.26540 0.36480 0.40960 0.42170 0.45980 0.49050 0.49620 0.51010 0.51490 0.52280 0.52580 0.52040 0.53110 0.53150 0.53760 0.53400 0.54900 0.53880 0.55240 0.54440 0.55590 0.55050 0.55580 0.55790 0.56270 0.56030 0.55690 0.56300 0.56660 0.56650 0.57160 0.56870 0.57180 0.56900 0.57270 0.57180 0.57080 0.57080 0.57820 0.57980 0.57660 0.57430 0.58080 0.57850 0.58080 0.57910 0.58050 0.58600 0.58650 0.58120 0.58590 0.58210 0.59100 0.58730 0.58790 0.58500 0.59000 0.58720 0.58760 0.58750 0.59000 0.59070 0.59060 0.59030 0.58950 0.58980 0.59460 0.59260 0.59210 0.59430 0.59370 0.59650 0.59250 0.59460 0.59300 0.59290 0.59620 0.59650 0.59550 0.59640 0.59600 0.59810 0.59480 0.60100 0.59970 0.60150 0.59870 0.59800 0.60130 0.59920 0.60300 0.60030 0.60230 0.60170 0.60420 0.59970 0.60410 0.60250 0.60190 0.60520 
TASK          G_EPOCH_NUM CLIENT_NUM L_DATA_NUM L_EPOCH_NUM L_BATCH_SIZE L_LR
FashionMNIST        1000          7       6000           5           64 0.005
0.20870 0.30850 0.45500 0.48470 0.50190 0.58940 0.60910 0.61640 0.62610 0.63440 0.63970 0.64560 0.65340 0.65290 0.65820 0.66230 0.66410 0.66620 0.66870 0.67010 0.67330 0.67400 0.67540 0.67660 0.67830 0.67890 0.67950 0.68110 0.68210 0.68180 0.68240 0.68430 0.77820 0.78180 0.78400 0.78230 0.78430 0.78360 0.78310 0.78710 0.78470 0.78660 0.78760 0.78640 0.78830 0.78840 0.78840 0.79050 0.78960 0.79120 0.79200 0.78990 0.79160 0.79250 0.79130 0.79250 0.79290 0.79460 0.79300 0.79230 0.79250 0.79380 0.79380 0.79530 0.79660 0.79580 0.79450 0.88680 0.88660 0.88650 0.88700 0.88480 0.88610 0.88630 0.88580 0.88730 0.88710 0.88670 0.88770 0.88720 0.88750 0.88760 0.88820 0.88850 0.88820 0.88810 0.88930 0.88980 0.88850 0.88980 0.88970 0.88820 0.89150 0.88910 0.89060 0.89080 0.89080 0.88910 0.89150 0.89130 
TASK          G_EPOCH_NUM CLIENT_NUM L_DATA_NUM L_EPOCH_NUM L_BATCH_SIZE L_LR
SpeechCommand        1000          3       6000           5           64 0.01
0.67569 0.74403 0.77474 0.77737 0.78437 0.77692 0.78346 0.79900 0.79282 0.79646 0.79537 0.80572 0.79191 0.79464 0.78891 0.79936 0.79391 0.80591 0.79718 0.81045 0.79155 0.80400 0.80282 0.81308 0.80036 0.79891 0.80045 0.80936 0.80800 0.80209 0.81063 0.80300 0.80491 0.81190 0.80018 0.79727 0.80863 0.81327 0.81199 0.80736 0.81227 0.81154 0.81299 0.81672 0.81745 0.81336 0.81127 0.80563 0.80600 0.82054 0.81127 0.80981 0.81581 0.81000 0.81290 0.81072 0.81263 0.81508 0.81536 0.81808 0.81299 0.80781 0.81181 0.81381 0.81781 0.81127 0.81054 0.81872 0.81854 0.81890 0.81154 0.81190 0.82135 0.82353 0.81690 0.81308 0.81063 0.81663 0.81663 0.81754 0.81254 0.81254 0.81972 0.80509 0.81699 0.81581 0.81781 0.81854 0.81390 0.81418 0.81536 0.82163 0.81817 0.82435 0.81027 0.82172 0.82108 0.82372 0.82254 0.81736 
TASK          G_EPOCH_NUM CLIENT_NUM L_DATA_NUM L_EPOCH_NUM L_BATCH_SIZE L_LR
SpeechCommand        1000          4       6000           5           64 0.01
0.68932 0.75965 0.78065 0.79909 0.79855 0.80772 0.82235 0.82426 0.82045 0.83426 0.82599 0.81508 0.83135 0.84071 0.82908 0.83371 0.83907 0.84761 0.84325 0.83317 0.84271 0.84089 0.84643 0.84571 0.84271 0.84825 0.84707 0.84525 0.84516 0.84934 0.84353 0.82944 0.85107 0.84443 0.84562 0.84816 0.84262 0.84961 0.84616 0.85170 0.84462 0.84507 0.84871 0.85070 0.84244 0.84271 0.83653 0.84607 0.85016 0.85316 0.84961 0.83816 0.84643 0.84934 0.84362 0.84725 0.85007 0.84825 0.84798 0.85152 0.85107 0.84534 0.85107 0.84952 0.84989 0.84843 0.84943 0.85534 0.84952 0.85343 0.84498 0.84652 0.84743 0.84861 0.84707 0.85161 0.84562 0.84852 0.84343 0.84825 0.85116 0.85806 0.85016 0.84943 0.84916 0.85052 0.84871 0.85179 0.85089 0.85134 0.84443 0.85061 0.84961 0.85525 0.85143 0.85316 0.85507 0.85516 0.85198 0.85379 
TASK          G_EPOCH_NUM CLIENT_NUM L_DATA_NUM L_EPOCH_NUM L_BATCH_SIZE L_LR
SpeechCommand        1000          5       6000           5           64 0.01
0.69041 0.76238 0.77719 0.80245 0.81063 0.81072 0.82026 0.82435 0.81881 0.82417 0.83071 0.83380 0.83371 0.83226 0.83199 0.82926 0.84044 0.83598 0.83398 0.83780 0.83853 0.83771 0.83617 0.83889 0.84353 0.84134 0.83726 0.83689 0.84071 0.84025 0.83889 0.84307 0.83308 0.83816 0.84134 0.84189 0.83498 0.84271 0.84289 0.83598 0.84489 0.84371 0.83462 0.84725 0.84562 0.84044 0.83935 0.84325 0.83962 0.83780 0.84216 0.84107 0.84970 0.84543 0.84307 0.84253 0.84571 0.84189 0.83626 0.84707 0.84253 0.85043 0.84834 0.84743 0.84371 0.84780 0.84071 0.84680 0.84380 0.84871 0.84934 0.84607 0.84543 0.84980 0.84453 0.84852 0.84216 0.84825 0.84652 0.84334 0.84752 0.84362 0.84398 0.84534 0.84416 0.84525 0.84534 0.84525 0.84534 0.84534 0.84625 0.84807 0.85025 0.84989 0.84552 0.84743 0.85152 0.84680 0.84889 0.84780 
TASK          G_EPOCH_NUM CLIENT_NUM L_DATA_NUM L_EPOCH_NUM L_BATCH_SIZE L_LR
SpeechCommand        1000          6       6000           5           64 0.01
0.68596 0.77201 0.80963 0.82263 0.82517 0.83453 0.83671 0.84861 0.85225 0.85588 0.85279 0.85352 0.85525 0.85507 0.85743 0.85543 0.86043 0.85897 0.86025 0.86288 0.86070 0.85943 0.86542 0.86779 0.86179 0.86224 0.86424 0.86633 0.87051 0.86406 0.86670 0.86315 0.86851 0.86570 0.86988 0.87088 0.86688 0.86624 0.86988 0.86470 0.86479 0.86742 0.86788 0.86533 0.87151 0.86452 0.86770 0.86951 0.87188 0.86697 0.87206 0.87079 0.86797 0.87051 0.87233 0.86970 0.87215 0.86788 0.87260 0.86924 0.87106 0.86933 0.86870 0.87079 0.86851 0.87142 0.87378 0.87124 0.87160 0.86861 0.87088 0.87042 0.87378 0.87051 0.87506 0.86488 0.87224 0.86915 0.87269 0.87133 0.87079 0.86761 0.86979 0.87288 0.87242 0.86960 0.87342 0.87351 0.87033 0.87115 0.87469 0.87151 0.86897 0.86988 0.86642 0.87388 0.87424 0.87324 0.87306 0.87242 
TASK          G_EPOCH_NUM CLIENT_NUM L_DATA_NUM L_EPOCH_NUM L_BATCH_SIZE L_LR
SpeechCommand        1000          7       6000           5           64 0.01
0.70268 0.78646 0.80900 0.82163 0.83344 0.83862 0.84144 0.84398 0.85016 0.85498 0.85370 0.85488 0.85279 0.86170 0.85843 0.85688 0.86433 0.86152 0.86043 0.86252 0.86924 0.86479 0.86833 0.86706 0.86415 0.86579 0.87015 0.86715 0.87097 0.87206 0.86970 0.86751 0.86824 0.87524 0.86951 0.87488 0.86851 0.87524 0.86561 0.87578 0.87724 0.87606 0.87415 0.87133 0.87388 0.87560 0.87869 0.87269 0.87369 0.87769 0.87597 0.87351 0.87460 0.87533 0.87433 0.87388 0.87597 0.87342 0.88015 0.87542 0.87878 0.87760 0.87715 0.87706 0.87924 0.87878 0.87624 0.87597 0.88042 0.87669 0.87933 0.87824 0.87806 0.88042 0.87451 0.87860 0.88142 0.88042 0.88214 0.88087 0.87469 0.88105 0.88323 0.87388 0.87905 0.87769 0.87933 0.88314 0.87633 0.88051 0.88069 0.87360 0.87796 0.88033 0.87769 0.87651 0.87188 0.88114 0.87769 0.87951 
TASK          G_EPOCH_NUM CLIENT_NUM L_DATA_NUM L_EPOCH_NUM L_BATCH_SIZE L_LR
AG_NEWS             1000          3       6000           5           64  0.1
0.38855 0.47250 0.53000 0.57395 0.61421 0.64553 0.67553 0.69803 0.71737 0.73579 0.75066 0.76355 0.77500 0.78592 0.79579 0.80461 0.81000 0.81500 0.81895 0.82316 0.82658 0.83013 0.83368 0.83513 0.83737 0.84105 0.84289 0.84447 0.84684 0.84697 0.84776 0.84921 0.85039 0.85184 0.85237 0.85316 0.85474 0.85605 0.85711 0.85803 0.85882 0.85987 0.86066 0.86132 0.86237 0.86289 0.86329 0.86382 0.86461 0.86474 0.86474 0.86539 0.86671 0.86697 0.86737 0.86868 0.86947 0.86987 0.87066 0.87079 0.87105 0.87118 0.87132 0.87145 0.87197 0.87197 0.87237 0.87289 0.87355 0.87355 0.87408 0.87408 0.87474 0.87474 0.87487 0.87474 0.87526 0.87566 0.87579 0.87553 0.87539 0.87539 0.87566 0.87592 0.87605 0.87592 0.87579 0.87579 0.87592 0.87579 0.87605 0.87605 0.87618 0.87592 0.87605 0.87658 0.87645 0.87645 0.87645 0.87632 
TASK          G_EPOCH_NUM CLIENT_NUM L_DATA_NUM L_EPOCH_NUM L_BATCH_SIZE L_LR
AG_NEWS             1000          4       6000           5           64  0.1
0.41395 0.49316 0.53842 0.57513 0.61408 0.64868 0.68053 0.70947 0.72974 0.74579 0.76026 0.77079 0.78158 0.78908 0.79658 0.80316 0.80842 0.81355 0.81855 0.82237 0.82632 0.83053 0.83421 0.83750 0.83974 0.84211 0.84368 0.84500 0.84658 0.84855 0.85105 0.85263 0.85368 0.85474 0.85566 0.85671 0.85803 0.85934 0.85987 0.86132 0.86250 0.86342 0.86395 0.86500 0.86553 0.86618 0.86671 0.86724 0.86776 0.86789 0.86776 0.86855 0.86855 0.86868 0.86921 0.86961 0.87000 0.87053 0.87092 0.87171 0.87197 0.87237 0.87250 0.87289 0.87329 0.87421 0.87421 0.87447 0.87421 0.87421 0.87487 0.87487 0.87513 0.87513 0.87592 0.87605 0.87605 0.87632 0.87658 0.87697 0.87750 0.87803 0.87789 0.87789 0.87776 0.87776 0.87776 0.87776 0.87789 0.87803 0.87829 0.87842 0.87895 0.87934 0.87947 0.87934 0.87908 0.87882 0.87882 0.87921 
TASK          G_EPOCH_NUM CLIENT_NUM L_DATA_NUM L_EPOCH_NUM L_BATCH_SIZE L_LR
AG_NEWS             1000          5       6000           5           64  0.1
0.39908 0.48934 0.53987 0.57921 0.61566 0.64987 0.67908 0.70079 0.72211 0.74053 0.75553 0.76618 0.77934 0.78803 0.79513 0.80145 0.81013 0.81539 0.82026 0.82618 0.83053 0.83316 0.83684 0.83908 0.84092 0.84250 0.84316 0.84539 0.84711 0.84974 0.85013 0.85132 0.85250 0.85316 0.85553 0.85816 0.85855 0.85882 0.86013 0.86132 0.86250 0.86355 0.86487 0.86592 0.86711 0.86763 0.86842 0.86974 0.87039 0.87105 0.87237 0.87250 0.87250 0.87250 0.87263 0.87303 0.87342 0.87408 0.87447 0.87487 0.87539 0.87553 0.87592 0.87645 0.87711 0.87697 0.87737 0.87737 0.87750 0.87816 0.87882 0.87908 0.87974 0.87934 0.87974 0.87987 0.88039 0.88053 0.88079 0.88053 0.88013 0.88013 0.88000 0.88026 0.88053 0.88079 0.88079 0.88118 0.88105 0.88158 0.88197 0.88263 0.88263 0.88250 0.88289 0.88303 0.88316 0.88276 0.88316 0.88342 
TASK          G_EPOCH_NUM CLIENT_NUM L_DATA_NUM L_EPOCH_NUM L_BATCH_SIZE L_LR
AG_NEWS             1000          6       6000           5           64  0.1
0.41592 0.49842 0.54974 0.58855 0.62487 0.65737 0.68697 0.70934 0.72947 0.74487 0.75697 0.76974 0.77908 0.78842 0.79737 0.80355 0.81013 0.81605 0.81961 0.82421 0.82645 0.82961 0.83395 0.83553 0.83908 0.84197 0.84447 0.84618 0.84829 0.85000 0.85237 0.85500 0.85684 0.85829 0.86066 0.86197 0.86263 0.86421 0.86566 0.86671 0.86763 0.86789 0.86829 0.86855 0.86961 0.87092 0.87158 0.87250 0.87316 0.87329 0.87342 0.87329 0.87368 0.87474 0.87553 0.87592 0.87684 0.87697 0.87763 0.87789 0.87816 0.87895 0.87816 0.87908 0.87947 0.87947 0.87974 0.87987 0.87974 0.87934 0.87987 0.87987 0.87987 0.88066 0.88053 0.88092 0.88145 0.88197 0.88211 0.88211 0.88197 0.88224 0.88224 0.88289 0.88316 0.88342 0.88382 0.88434 0.88539 0.88553 0.88579 0.88579 0.88579 0.88592 0.88579 0.88579 0.88579 0.88632 0.88632 0.88645 
TASK          G_EPOCH_NUM CLIENT_NUM L_DATA_NUM L_EPOCH_NUM L_BATCH_SIZE L_LR
AG_NEWS             1000          7       6000           5           64  0.1
0.41342 0.49105 0.53816 0.57487 0.61447 0.64789 0.67684 0.70421 0.72539 0.74237 0.75816 0.77224 0.78184 0.79066 0.79842 0.80526 0.80842 0.81737 0.82237 0.82605 0.82961 0.83329 0.83539 0.83697 0.83868 0.84118 0.84289 0.84447 0.84618 0.84789 0.84934 0.85092 0.85289 0.85421 0.85605 0.85803 0.85908 0.86053 0.86145 0.86276 0.86421 0.86579 0.86750 0.86868 0.86908 0.87026 0.87105 0.87145 0.87211 0.87224 0.87263 0.87250 0.87303 0.87355 0.87395 0.87395 0.87500 0.87566 0.87618 0.87724 0.87737 0.87816 0.87855 0.87908 0.87934 0.87961 0.87987 0.88013 0.88039 0.88092 0.88105 0.88132 0.88145 0.88184 0.88224 0.88250 0.88276 0.88342 0.88368 0.88368 0.88395 0.88408 0.88395 0.88408 0.88382 0.88434 0.88421 0.88434 0.88487 0.88487 0.88487 0.88487 0.88513 0.88487 0.88513 0.88500 0.88513 0.88539 0.88539 0.88592 
