SpeechCommand          300          3       6000           5           10 0.01    -1
0.12006 0.09826 0.09361 0.09159 0.08861 0.08596 0.08836 0.08509 0.08489 0.08777 0.08257 0.08581 0.08482 0.08363 0.08140 0.08725 0.08568 0.08306 0.08070 0.08114 0.08674 0.08367 0.08382 0.08463 0.08229 0.08301 0.08309 0.08120 0.08283 0.08567 
0.11660 0.09550 0.09243 0.09401 0.09382 0.08646 0.08729 0.08963 0.08637 0.08792 0.08856 0.08644 0.08874 0.08951 0.08845 0.08680 0.08719 0.08820 0.08610 0.09007 0.08821 0.08666 0.08562 0.08814 0.08607 0.08471 0.08680 0.08694 0.08426 0.08904 
0.10378 0.09317 0.09218 0.08992 0.08769 0.08916 0.08643 0.08559 0.09259 0.09141 0.08601 0.08581 0.08645 0.08887 0.08720 0.08551 0.08681 0.08535 0.08864 0.08748 0.08610 0.09266 0.08693 0.08758 0.08710 0.09190 0.08833 0.08936 0.08604 0.08817 

SpeechCommand          300          4       6000           5           10 0.01    -1
0.09988 0.08362 0.08195 0.07999 0.07876 0.07984 0.08026 0.07716 0.07828 0.07805 0.07832 0.07892 0.07873 0.07619 0.07704 0.07834 0.07830 0.07835 0.07580 0.07964 0.07798 0.07901 0.07620 0.07914 0.07951 0.07805 0.07677 0.07708 0.07543 0.07596 
0.09780 0.08779 0.08237 0.08228 0.08255 0.07826 0.08428 0.07947 0.07955 0.08027 0.07916 0.07843 0.07895 0.08056 0.07981 0.07862 0.07883 0.07943 0.07922 0.07795 0.08119 0.08074 0.08068 0.07695 0.07920 0.07778 0.07882 0.07920 0.08309 0.07900 
0.10440 0.09122 0.09041 0.08646 0.08476 0.08172 0.08176 0.08288 0.08116 0.07805 0.08066 0.08059 0.07873 0.08015 0.08223 0.07858 0.08004 0.07977 0.07922 0.07948 0.07812 0.07894 0.07954 0.07674 0.08095 0.08002 0.07940 0.07772 0.07698 0.07982 

SpeechCommand          300          5       6000           5           10 0.01    -1
0.10884 0.08959 0.08282 0.07840 0.07697 0.07782 0.07905 0.07843 0.07813 0.07775 0.07632 0.07747 0.07544 0.07795 0.07707 0.07510 0.07493 0.07584 0.07487 0.07530 0.07498 0.07530 0.07506 0.07377 0.07541 0.07508 0.07300 0.07254 0.07329 0.07238 
0.10175 0.08306 0.08015 0.07765 0.07662 0.07770 0.07626 0.07712 0.07512 0.07528 0.07643 0.07585 0.07253 0.07608 0.07636 0.07526 0.07526 0.07586 0.07202 0.07483 0.07276 0.07402 0.07242 0.07303 0.07452 0.07255 0.07455 0.07169 0.07608 0.07386 
0.09719 0.08590 0.08117 0.08126 0.07914 0.08014 0.07978 0.07588 0.07783 0.07812 0.07783 0.07781 0.07633 0.07784 0.07650 0.07740 0.07598 0.07598 0.07803 0.07605 0.07606 0.07565 0.07510 0.07304 0.07451 0.07477 0.07448 0.07428 0.07533 0.07579 

SpeechCommand          300          6       6000           5           10 0.01    -1
0.09264 0.07943 0.07634 0.07487 0.07324 0.07374 0.07258 0.07286 0.07462 0.07154 0.07203 0.07073 
0.10397 0.08812 0.08309 0.08106 0.07935 0.07900 0.07932 0.07691 0.07867 0.07647 0.07536 0.07555 
0.10384 0.08074 0.08094 0.07493 0.07649 0.07579 0.07607 0.07598 0.07556 0.07699 0.07536 0.07440 0.07342 