SpeechCommand          300          3       6000           5           10 0.01    -1
0.64534 0.71758 0.73394 0.74130 0.75139 0.75175 0.75293 0.75975 0.76265 0.75248 0.77001 0.76247 0.75711 0.76056 0.76892 0.75429 0.75956 0.76938 0.77419 0.76856 0.75793 0.76165 0.76665 0.76947 0.77347 0.76920 0.77029 0.77183 0.77256 0.76429 
0.65906 0.72849 0.73812 0.73603 0.72940 0.75775 0.75184 0.74721 0.75575 0.74939 0.74693 0.75575 0.75184 0.74539 0.74739 0.75293 0.75384 0.74920 0.75911 0.74330 0.75229 0.75547 0.75257 0.75202 0.75538 0.76102 0.75747 0.75348 0.75702 0.75338 
0.69732 0.73412 0.73530 0.74457 0.75093 0.75120 0.75693 0.75484 0.74184 0.74602 0.75593 0.75775 0.75729 0.74857 0.75384 0.76002 0.75611 0.76120 0.75302 0.75575 0.75493 0.74239 0.75448 0.75475 0.75775 0.74911 0.75111 0.75139 0.75956 0.75466 

SpeechCommand          300          4       6000           5           10 0.01    -1
0.70841 0.76084 0.77101 0.77238 0.76711 0.77256 0.76920 0.78219 0.77865 0.77474 0.77992 0.77328 0.77628 0.78219 0.78092 0.77946 0.78019 0.77928 0.78582 0.77056 0.77901 0.77474 0.78464 0.77783 0.77356 0.78246 0.78264 0.78355 0.78601 0.78619 
0.71449 0.74739 0.76447 0.76184 0.76256 0.76965 0.75720 0.77265 0.77456 0.77029 0.76965 0.77528 0.77728 0.77601 0.77165 0.77610 0.76992 0.77547 0.77456 0.77919 0.76947 0.77065 0.76520 0.78228 0.77792 0.77828 0.77874 0.77746 0.76493 0.77983 
0.69796 0.73503 0.74021 0.75229 0.76156 0.76956 0.77274 0.76302 0.77301 0.77919 0.77438 0.77601 0.77565 0.78010 0.76856 0.77828 0.77828 0.78028 0.77801 0.77874 0.78355 0.77619 0.77974 0.78573 0.77492 0.77783 0.78392 0.78719 0.78473 0.78246 

SpeechCommand          300          5       6000           5           10 0.01    -1
0.67488 0.73912 0.75802 0.77074 0.78101 0.77819 0.77092 0.77692 0.77674 0.77565 0.77865 0.77846 0.78755 0.77719 0.78174 0.78655 0.79082 0.78628 0.78610 0.78537 0.78546 0.78773 0.78655 0.78873 0.78292 0.78428 0.79473 0.79609 0.79037 0.79537 
0.70104 0.75911 0.77192 0.78210 0.77992 0.77965 0.78501 0.77883 0.78337 0.78782 0.78383 0.78819 0.79328 0.78364 0.78655 0.79109 0.78555 0.78255 0.79555 0.78801 0.79736 0.79373 0.79691 0.79918 0.79437 0.79736 0.79191 0.79755 0.79037 0.79391 
0.71640 0.75402 0.76393 0.76602 0.76811 0.77274 0.77165 0.78146 0.77765 0.77474 0.77428 0.77574 0.78237 0.77992 0.77919 0.77928 0.78473 0.78628 0.77883 0.78328 0.78419 0.78364 0.78682 0.79228 0.78773 0.78682 0.78919 0.78837 0.78564 0.78546 

SpeechCommand          300          6       6000           5           10 0.01    -1
0.72949 0.77283 0.78337 0.78501 0.78555 0.78873 0.79491 0.79182 0.78564 0.79955 0.79373 
0.70404 0.74530 0.76329 0.76829 0.77328 0.77419 0.77274 0.78383 0.77919 0.78201 0.78510 
0.69323 0.76774 0.76547 0.78655 0.78146 0.78573 0.77946 0.78383 0.78364 0.77574 0.78619 
