TASK          G_EPOCH_NUM CLIENT_NUM L_DATA_NUM L_EPOCH_NUM L_BATCH_SIZE L_LR SIGMA
AG_NEWS               500          3       6000           5           10  0.1    -1
TASK          G_EPOCH_NUM CLIENT_NUM L_DATA_NUM L_EPOCH_NUM L_BATCH_SIZE L_LR SIGMA
AG_NEWS               500          3       6000           5           10  0.1    -1
TASK          G_EPOCH_NUM CLIENT_NUM L_DATA_NUM L_EPOCH_NUM L_BATCH_SIZE L_LR SIGMA
AG_NEWS               500          3       6000           5           10  0.1    -1
TASK          G_EPOCH_NUM CLIENT_NUM L_DATA_NUM L_EPOCH_NUM L_BATCH_SIZE L_LR SIGMA
AG_NEWS               500          3       6000           5           10  0.1    -1
0.06733 0.04875 0.04305 0.04068 0.03965 0.03929 0.03933 0.03962 0.04008 0.04067 0.04134 0.04206 0.04280 0.04357 0.04435 0.04513 0.04591 0.04669 0.04748 0.04826 0.04903 0.04978 0.05053 0.05126 0.05198 0.05269 0.05339 0.05408 0.05476 0.05544 0.05610 0.05674 0.05738 0.05800 0.05860 0.05918 0.05974 0.06027 0.06079 0.06130 0.06179 0.06226 0.06272 0.06316 0.06359 0.06401 0.06442 0.06481 0.06519 0.06556 
TASK          G_EPOCH_NUM CLIENT_NUM L_DATA_NUM L_EPOCH_NUM L_BATCH_SIZE L_LR SIGMA
AG_NEWS               500          4       6000           5           10  0.1    -1
0.06594 0.04818 0.04266 0.04024 0.03906 0.03850 0.03828 0.03827 0.03841 0.03864 0.03896 0.03934 0.03978 0.04025 0.04076 0.04130 0.04187 0.04246 0.04304 0.04364 0.04424 0.04484 0.04544 0.04604 0.04664 0.04723 0.04782 0.04841 0.04900 0.04958 0.05016 0.05072 0.05128 0.05183 0.05237 0.05291 0.05345 0.05397 0.05449 0.05499 0.05549 0.05599 0.05648 0.05697 0.05744 0.05792 0.05839 0.05885 0.05931 0.05976 
TASK          G_EPOCH_NUM CLIENT_NUM L_DATA_NUM L_EPOCH_NUM L_BATCH_SIZE L_LR SIGMA
AG_NEWS               500          5       6000           5           10  0.1    -1
0.06502 0.04723 0.04187 0.03960 0.03854 0.03806 0.03792 0.03797 0.03814 0.03840 0.03871 0.03907 0.03946 0.03988 0.04032 0.04078 0.04124 0.04172 0.04219 0.04267 0.04315 0.04364 0.04412 0.04461 0.04509 0.04557 0.04604 0.04651 0.04697 0.04743 0.04789 0.04835 0.04882 0.04928 0.04974 0.05021 0.05067 0.05113 0.05160 0.05205 0.05251 0.05296 0.05341 0.05386 0.05430 0.05474 0.05517 0.05560 0.05602 0.05644 
TASK          G_EPOCH_NUM CLIENT_NUM L_DATA_NUM L_EPOCH_NUM L_BATCH_SIZE L_LR SIGMA
AG_NEWS               500          6       6000           5           10  0.1    -1
0.06641 0.04784 0.04198 0.03932 0.03794 0.03718 0.03678 0.03659 0.03655 0.03662 0.03676 0.03695 0.03718 0.03744 0.03774 0.03805 0.03839 0.03874 0.03910 0.03947 0.03985 0.04023 0.04062 0.04102 0.04141 0.04182 0.04222 0.04263 0.04305 0.04347 0.04388 0.04430 0.04472 0.04515 0.04557 0.04600 0.04642 0.04685 0.04727 0.04770 0.04811 0.04853 0.04894 0.04935 0.04976 0.05016 0.05056 0.05095 0.05134 0.05172 
TASK          G_EPOCH_NUM CLIENT_NUM L_DATA_NUM L_EPOCH_NUM L_BATCH_SIZE L_LR SIGMA
AG_NEWS               500          7       6000           5           10  0.1    -1
0.06404 0.04655 0.04123 0.03885 0.03758 0.03684 0.03640 0.03616 0.03604 0.03602 0.03606 0.03617 0.03631 0.03650 0.03671 0.03694 0.03719 0.03746 0.03775 0.03805 0.03837 0.03870 0.03903 0.03937 0.03972 0.04007 0.04042 0.04078 0.04114 0.04150 0.04185 0.04221 0.04256 0.04291 0.04327 0.04362 0.04398 0.04434 0.04470 0.04506 0.04542 0.04579 0.04615 0.04651 0.04686 0.04721 0.04756 0.04791 0.04826 0.04860 
