TASK          G_EPOCH_NUM CLIENT_NUM L_DATA_NUM L_EPOCH_NUM L_BATCH_SIZE L_LR SIGMA
AG_NEWS               500          3       6000           5           10  0.1    -1
TASK          G_EPOCH_NUM CLIENT_NUM L_DATA_NUM L_EPOCH_NUM L_BATCH_SIZE L_LR SIGMA
AG_NEWS               500          3       6000           5           10  0.1    -1
TASK          G_EPOCH_NUM CLIENT_NUM L_DATA_NUM L_EPOCH_NUM L_BATCH_SIZE L_LR SIGMA
AG_NEWS               500          3       6000           5           10  0.1    -1
TASK          G_EPOCH_NUM CLIENT_NUM L_DATA_NUM L_EPOCH_NUM L_BATCH_SIZE L_LR SIGMA
AG_NEWS               500          3       6000           5           10  0.1    -1
0.78000 0.84118 0.86039 0.87211 0.87539 0.87921 0.88105 0.88184 0.88118 0.88039 0.88079 0.88118 0.88118 0.88171 0.88118 0.88066 0.87987 0.88079 0.88026 0.88039 0.87987 0.87974 0.87961 0.87987 0.88000 0.87961 0.87947 0.87908 0.87829 0.87855 0.87855 0.87816 0.87724 0.87737 0.87724 0.87697 0.87671 0.87684 0.87776 0.87763 0.87750 0.87750 0.87750 0.87776 0.87776 0.87776 0.87789 0.87737 0.87737 0.87684 
TASK          G_EPOCH_NUM CLIENT_NUM L_DATA_NUM L_EPOCH_NUM L_BATCH_SIZE L_LR SIGMA
AG_NEWS               500          4       6000           5           10  0.1    -1
0.78237 0.83961 0.85908 0.86868 0.87553 0.87816 0.88145 0.88342 0.88474 0.88421 0.88566 0.88526 0.88553 0.88579 0.88566 0.88500 0.88553 0.88553 0.88592 0.88539 0.88500 0.88566 0.88579 0.88566 0.88526 0.88500 0.88487 0.88513 0.88487 0.88461 0.88461 0.88474 0.88474 0.88382 0.88382 0.88408 0.88382 0.88355 0.88263 0.88211 0.88211 0.88171 0.88171 0.88158 0.88079 0.88066 0.88079 0.88026 0.87974 0.87987 
TASK          G_EPOCH_NUM CLIENT_NUM L_DATA_NUM L_EPOCH_NUM L_BATCH_SIZE L_LR SIGMA
AG_NEWS               500          5       6000           5           10  0.1    -1
0.78513 0.84237 0.86197 0.86947 0.87382 0.87855 0.88118 0.88461 0.88618 0.88750 0.88803 0.88934 0.89013 0.89092 0.89132 0.89132 0.89184 0.89224 0.89211 0.89184 0.89118 0.89053 0.89013 0.89026 0.88921 0.88908 0.88895 0.88842 0.88855 0.88803 0.88816 0.88789 0.88711 0.88632 0.88566 0.88553 0.88566 0.88526 0.88474 0.88447 0.88368 0.88355 0.88342 0.88368 0.88289 0.88263 0.88276 0.88289 0.88316 0.88342 
TASK          G_EPOCH_NUM CLIENT_NUM L_DATA_NUM L_EPOCH_NUM L_BATCH_SIZE L_LR SIGMA
AG_NEWS               500          6       6000           5           10  0.1    -1
0.77855 0.83829 0.85842 0.86908 0.87632 0.88053 0.88329 0.88526 0.88803 0.88974 0.89013 0.89079 0.89013 0.89053 0.89053 0.89079 0.89118 0.89079 0.89092 0.89066 0.89013 0.88961 0.88974 0.89039 0.89039 0.89026 0.89066 0.89053 0.89105 0.89053 0.89079 0.89039 0.89039 0.88961 0.88947 0.88908 0.88855 0.88868 0.88776 0.88829 0.88868 0.88816 0.88842 0.88789 0.88737 0.88789 0.88763 0.88829 0.88816 0.88803 
TASK          G_EPOCH_NUM CLIENT_NUM L_DATA_NUM L_EPOCH_NUM L_BATCH_SIZE L_LR SIGMA
AG_NEWS               500          7       6000           5           10  0.1    -1
0.76803 0.83355 0.85289 0.86316 0.87092 0.87671 0.88184 0.88303 0.88618 0.88724 0.88908 0.88934 0.88987 0.89053 0.89066 0.89132 0.89171 0.89211 0.89263 0.89303 0.89382 0.89329 0.89276 0.89316 0.89303 0.89355 0.89342 0.89355 0.89316 0.89342 0.89276 0.89303 0.89316 0.89276 0.89237 0.89263 0.89303 0.89263 0.89355 0.89303 0.89263 0.89250 0.89224 0.89211 0.89211 0.89197 0.89211 0.89211 0.89197 0.89224 
TASK          G_EPOCH_NUM CLIENT_NUM L_DATA_NUM L_EPOCH_NUM L_BATCH_SIZE L_LR SIGMA
AG_NEWS               500          3       6000           5           10 0.05    -1
0.59224 0.71776 TASK          G_EPOCH_NUM CLIENT_NUM L_DATA_NUM L_EPOCH_NUM L_BATCH_SIZE L_LR SIGMA
AG_NEWS               300          3       6000           5           10 0.05    -1
0.58303 0.71829 0.77276 0.80316 0.82329 0.83500 0.84329 0.84987 0.85487 0.85803 0.86197 0.86421 0.86553 0.86750 0.86895 0.86961 0.87000 0.87039 0.87118 0.87211 0.87158 0.87171 0.87237 0.87211 0.87303 0.87237 0.87145 0.87211 0.87105 0.87118 
TASK          G_EPOCH_NUM CLIENT_NUM L_DATA_NUM L_EPOCH_NUM L_BATCH_SIZE L_LR SIGMA
AG_NEWS               300          4       6000           5           10 0.05    -1
0.59224 0.71513 0.77355 0.80487 0.82092 0.83368 0.84118 0.84882 0.85276 0.85868 0.86303 0.86697 0.86895 0.87105 0.87197 0.87382 0.87447 0.87579 0.87697 0.87632 0.87724 0.87737 0.87789 0.87842 0.87882 0.87908 0.88026 0.88039 0.88053 0.88066 
TASK          G_EPOCH_NUM CLIENT_NUM L_DATA_NUM L_EPOCH_NUM L_BATCH_SIZE L_LR SIGMA
AG_NEWS               300          5       6000           5           10 0.05    -1
0.58987 0.72171 0.77724 0.80632 0.82421 0.83763 0.84566 0.85250 0.85671 0.86132 0.86447 0.86645 0.86895 0.87066 0.87250 0.87434 0.87500 0.87671 0.87737 0.87763 0.87803 0.87842 0.87868 0.87816 0.87842 0.87895 0.87882 0.87816 0.87842 0.87829 
TASK          G_EPOCH_NUM CLIENT_NUM L_DATA_NUM L_EPOCH_NUM L_BATCH_SIZE L_LR SIGMA
AG_NEWS               300          6       6000           5           10 0.05    -1
0.58250 0.70724 0.76750 0.80053 0.82184 0.83474 0.84434 0.85039 0.85513 0.86053 0.86368 0.86658 0.86908 0.87026 0.87303 0.87447 0.87539 0.87645 0.87750 0.87803 0.87908 0.87921 0.88013 0.88013 0.87947 0.88000 0.88118 0.88171 0.88250 0.88211 
TASK          G_EPOCH_NUM CLIENT_NUM L_DATA_NUM L_EPOCH_NUM L_BATCH_SIZE L_LR SIGMA
AG_NEWS               300          7       6000           5           10 0.05    -1
0.60250 0.71711 0.77539 0.80658 0.82618 0.83789 0.84737 0.85382 0.85934 0.86408 0.86763 0.86855 0.87013 0.87250 0.87553 0.87697 0.87803 0.87895 0.87947 0.87974 0.87987 0.88066 0.88171 0.88197 0.88250 0.88342 0.88395 0.88421 0.88447 0.88487 
TASK          G_EPOCH_NUM CLIENT_NUM L_DATA_NUM L_EPOCH_NUM L_BATCH_SIZE L_LR SIGMA
AG_NEWS               300          3       6000           5           50 0.01    -1
0.31145 0.36487 0.41079 0.44303 0.46434 0.48763 0.50461 0.52211 0.53763 0.55197 0.56842 0.58724 0.60039 0.61566 0.62645 0.63868 0.65092 0.66197 0.67395 0.68461 0.69132 0.69789 0.70618 0.71395 0.71921 0.72618 0.73276 0.73829 0.74408 0.74974 
TASK          G_EPOCH_NUM CLIENT_NUM L_DATA_NUM L_EPOCH_NUM L_BATCH_SIZE L_LR SIGMA
AG_NEWS               300          4       6000           5           50 0.01    -1
0.30711 0.36289 0.40855 0.44263 0.46711 0.49158 0.51263 0.52645 0.54434 0.55750 0.57355 0.58632 0.60039 0.61408 0.62553 0.64079 0.65158 0.66276 0.67184 0.68145 0.69224 0.70079 0.70868 0.71461 0.72276 0.72789 0.73342 0.73842 0.74421 0.74868 
TASK          G_EPOCH_NUM CLIENT_NUM L_DATA_NUM L_EPOCH_NUM L_BATCH_SIZE L_LR SIGMA
AG_NEWS               300          3       6000           5           50 0.025    -1
0.39342 0.48289 0.53276 0.57303 0.60724 0.63671 0.66776 0.69329 0.71132 0.72987 0.74368 0.75408 0.76474 0.77408 0.78092 0.78855 0.79368 0.79934 0.80487 0.81000 0.81461 0.81789 0.82039 TASK          G_EPOCH_NUM CLIENT_NUM L_DATA_NUM L_EPOCH_NUM L_BATCH_SIZE L_LR SIGMA
AG_NEWS               300          3       6000           5           50 0.04    -1
0.45579 0.54592 0.60368 0.65382 0.69447 0.72474 0.74303 0.76026 0.77829 0.79237 0.80118 0.80868 0.81592 0.82276 0.82855 0.83408 0.83763 0.84079 0.84329 0.84737 0.84908 0.85197 0.85355 0.85592 0.85829 0.85947 0.86039 0.86066 0.86184 0.86289 
TASK          G_EPOCH_NUM CLIENT_NUM L_DATA_NUM L_EPOCH_NUM L_BATCH_SIZE L_LR SIGMA
AG_NEWS               300          4       6000           5           50 0.04    -1
0.42079 0.51737 0.58184 0.63750 0.67895 0.71592 0.74355 0.75763 0.77421 0.78605 0.79750 0.80553 0.81250 0.82132 0.82513 0.82816 0.83368 0.83763 0.83947 0.84263 0.84539 0.84776 0.85026 0.85211 0.85487 0.85684 0.85908 0.86092 0.86276 0.86355 
TASK          G_EPOCH_NUM CLIENT_NUM L_DATA_NUM L_EPOCH_NUM L_BATCH_SIZE L_LR SIGMA
AG_NEWS               300          5       6000           5           50 0.04    -1
0.45263 0.53237 0.59645 0.65224 0.69658 0.72618 0.75053 0.77066 0.78605 0.79434 0.80382 0.81197 0.81776 0.82382 0.82868 0.83145 0.83763 0.83987 0.84237 0.84487 0.84684 0.85026 0.85197 0.85434 0.85697 0.85842 0.86026 0.86158 0.86303 0.86355 
TASK          G_EPOCH_NUM CLIENT_NUM L_DATA_NUM L_EPOCH_NUM L_BATCH_SIZE L_LR SIGMA
AG_NEWS               300          6       6000           5           50 0.04    -1
0.43447 0.52184 0.58276 0.63671 0.68145 0.71526 0.73908 0.75895 0.77658 0.79184 0.80158 0.80855 0.81658 0.82263 0.82908 0.83342 0.83658 0.83947 0.84237 0.84447 0.84750 0.84947 0.85145 0.85329 0.85447 0.85618 0.85737 0.85895 0.86066 0.86145 
TASK          G_EPOCH_NUM CLIENT_NUM L_DATA_NUM L_EPOCH_NUM L_BATCH_SIZE L_LR SIGMA
AG_NEWS               300          7       6000           5           50 0.04    -1
0.45711 0.54421 0.60474 0.65632 0.70303 0.73329 0.75632 0.77000 0.78539 0.79592 0.80447 0.81355 0.82026 0.82776 0.83224 0.83526 0.83921 0.84224 0.84539 0.84711 0.84961 0.85158 0.85329 0.85513 0.85868 0.86066 0.86211 0.86263 0.86342 0.86500 
