TASK          G_EPOCH_NUM CLIENT_NUM L_DATA_NUM L_EPOCH_NUM L_BATCH_SIZE L_LR SIGMA
AG_NEWS               500          3       6000           5           10  0.1    -1
TASK          G_EPOCH_NUM CLIENT_NUM L_DATA_NUM L_EPOCH_NUM L_BATCH_SIZE L_LR SIGMA
AG_NEWS               500          3       6000           5           10  0.1    -1
TASK          G_EPOCH_NUM CLIENT_NUM L_DATA_NUM L_EPOCH_NUM L_BATCH_SIZE L_LR SIGMA
AG_NEWS               500          3       6000           5           10  0.1    -1
TASK          G_EPOCH_NUM CLIENT_NUM L_DATA_NUM L_EPOCH_NUM L_BATCH_SIZE L_LR SIGMA
AG_NEWS               500          3       6000           5           10  0.1    -1
0.77921 0.83697 0.85566 0.86816 0.87289 0.87592 0.87724 0.87987 0.88079 0.88105 0.88092 0.87961 0.88000 0.88066 0.88066 0.88066 0.87882 0.87882 0.87934 0.87882 0.87803 0.87737 0.87592 0.87474 0.87447 0.87382 0.87355 0.87329 0.87316 0.87329 0.87250 0.87197 0.87132 0.87145 0.87092 0.87079 0.87026 0.86987 0.87013 0.86987 0.86974 0.86987 0.86921 0.86855 0.86895 0.86908 0.86908 0.86961 0.86934 0.86921 
TASK          G_EPOCH_NUM CLIENT_NUM L_DATA_NUM L_EPOCH_NUM L_BATCH_SIZE L_LR SIGMA
AG_NEWS               500          4       6000           5           10  0.1    -1
0.76355 0.83579 0.85750 0.86711 0.87237 0.87579 0.87947 0.88132 0.88224 0.88197 0.88224 0.88224 0.88368 0.88368 0.88316 0.88329 0.88368 0.88263 0.88224 0.88145 0.88026 0.88053 0.88013 0.88000 0.87974 0.87921 0.87816 0.87789 0.87750 0.87816 0.87842 0.87789 0.87829 0.87803 0.87816 0.87803 0.87724 0.87737 0.87750 0.87684 0.87671 0.87645 0.87592 0.87566 0.87539 0.87553 0.87579 0.87632 0.87618 0.87579 
TASK          G_EPOCH_NUM CLIENT_NUM L_DATA_NUM L_EPOCH_NUM L_BATCH_SIZE L_LR SIGMA
AG_NEWS               500          5       6000           5           10  0.1    -1
0.77776 0.84039 0.85592 0.86526 0.87013 0.87368 0.87803 0.88013 0.88158 0.88303 0.88447 0.88539 0.88513 0.88592 0.88671 0.88776 0.88789 0.88816 0.88855 0.88842 0.88855 0.88763 0.88737 0.88711 0.88645 0.88592 0.88513 0.88474 0.88461 0.88487 0.88434 0.88474 0.88447 0.88474 0.88368 0.88342 0.88316 0.88316 0.88316 0.88368 0.88316 0.88316 0.88289 0.88329 0.88329 0.88303 0.88303 0.88289 0.88237 0.88211 
TASK          G_EPOCH_NUM CLIENT_NUM L_DATA_NUM L_EPOCH_NUM L_BATCH_SIZE L_LR SIGMA
AG_NEWS               500          6       6000           5           10  0.1    -1
0.78408 0.84263 0.86408 0.87289 0.87868 0.88434 0.88868 0.88947 0.89118 0.89303 0.89434 0.89434 0.89474 0.89382 0.89316 0.89342 0.89303 0.89289 0.89329 0.89329 0.89368 0.89355 0.89303 0.89368 0.89382 0.89408 0.89355 0.89237 0.89211 0.89184 0.89184 0.89118 0.89197 0.89132 0.89079 0.89079 0.89026 0.88987 0.89000 0.88974 0.88908 0.88908 0.88868 0.88934 0.88921 0.88882 0.88921 0.88934 0.88921 0.88868 
TASK          G_EPOCH_NUM CLIENT_NUM L_DATA_NUM L_EPOCH_NUM L_BATCH_SIZE L_LR SIGMA
AG_NEWS               500          7       6000           5           10  0.1    -1
0.78303 0.84039 0.85684 0.87079 0.87763 0.88211 0.88671 0.88908 0.89105 0.89303 0.89408 0.89474 0.89474 0.89526 0.89618 0.89711 0.89618 0.89645 0.89697 0.89750 0.89750 0.89724 0.89737 0.89711 0.89724 0.89776 0.89789 0.89789 0.89711 0.89671 0.89632 0.89579 0.89500 0.89500 0.89526 0.89526 0.89500 0.89461 0.89447 0.89434 0.89421 0.89382 0.89408 0.89434 0.89447 0.89434 0.89355 0.89303 0.89276 0.89184 
