TASK          G_EPOCH_NUM CLIENT_NUM L_DATA_NUM L_EPOCH_NUM L_BATCH_SIZE L_LR SIGMA
AG_NEWS               500          3       6000           5           10  0.1    -1
TASK          G_EPOCH_NUM CLIENT_NUM L_DATA_NUM L_EPOCH_NUM L_BATCH_SIZE L_LR SIGMA
AG_NEWS               500          3       6000           5           10  0.1    -1
TASK          G_EPOCH_NUM CLIENT_NUM L_DATA_NUM L_EPOCH_NUM L_BATCH_SIZE L_LR SIGMA
AG_NEWS               500          3       6000           5           10  0.1    -1
TASK          G_EPOCH_NUM CLIENT_NUM L_DATA_NUM L_EPOCH_NUM L_BATCH_SIZE L_LR SIGMA
AG_NEWS               500          3       6000           5           10  0.1    -1
0.76803 0.83145 0.85263 0.86566 0.87303 0.87671 0.87947 0.88132 0.88053 0.88105 0.88184 0.88171 0.88118 0.88145 0.88145 0.88066 0.87987 0.87895 0.87816 0.87789 0.87711 0.87750 0.87711 0.87697 0.87592 0.87474 0.87434 0.87421 0.87276 0.87250 0.87263 0.87224 0.87184 0.87158 0.87079 0.87092 0.87053 0.87000 0.87039 0.87013 0.87039 0.87079 0.87092 0.87118 0.87132 0.87145 0.87132 0.87105 0.87079 0.87053 
TASK          G_EPOCH_NUM CLIENT_NUM L_DATA_NUM L_EPOCH_NUM L_BATCH_SIZE L_LR SIGMA
AG_NEWS               500          4       6000           5           10  0.1    -1
0.77158 0.83618 0.85776 0.86711 0.87421 0.87553 0.87908 0.88184 0.88461 0.88434 0.88526 0.88395 0.88382 0.88434 0.88487 0.88566 0.88684 0.88724 0.88711 0.88711 0.88605 0.88553 0.88500 0.88447 0.88355 0.88342 0.88303 0.88263 0.88145 0.88105 0.88079 0.88105 0.88092 0.88053 0.88013 0.88000 0.88000 0.87961 0.87855 0.87842 0.87842 0.87803 0.87763 0.87711 0.87750 0.87750 0.87789 0.87803 0.87737 0.87711 
TASK          G_EPOCH_NUM CLIENT_NUM L_DATA_NUM L_EPOCH_NUM L_BATCH_SIZE L_LR SIGMA
AG_NEWS               500          5       6000           5           10  0.1    -1
0.77855 0.83921 0.86066 0.87079 0.87711 0.88132 0.88395 0.88487 0.88500 0.88539 0.88605 0.88671 0.88737 0.88882 0.88961 0.89039 0.89079 0.89079 0.89013 0.89066 0.89066 0.89079 0.89066 0.89118 0.89105 0.89066 0.89000 0.88974 0.89000 0.89013 0.89000 0.89053 0.88947 0.88987 0.89013 0.88947 0.88934 0.88947 0.88947 0.88921 0.88855 0.88803 0.88789 0.88803 0.88750 0.88684 0.88711 0.88671 0.88618 0.88579 
TASK          G_EPOCH_NUM CLIENT_NUM L_DATA_NUM L_EPOCH_NUM L_BATCH_SIZE L_LR SIGMA
AG_NEWS               500          6       6000           5           10  0.1    -1
0.77197 0.83526 0.85855 0.87066 0.87987 0.88408 0.88697 0.88855 0.88934 0.89158 0.89224 0.89250 0.89355 0.89368 0.89368 0.89434 0.89434 0.89382 0.89461 0.89408 0.89434 0.89421 0.89434 0.89434 0.89421 0.89382 0.89447 0.89487 0.89513 0.89487 0.89447 0.89408 0.89382 0.89342 0.89342 0.89329 0.89303 0.89355 0.89355 0.89329 0.89355 0.89395 0.89395 0.89316 0.89289 0.89342 0.89355 0.89316 0.89342 0.89342 
TASK          G_EPOCH_NUM CLIENT_NUM L_DATA_NUM L_EPOCH_NUM L_BATCH_SIZE L_LR SIGMA
AG_NEWS               500          7       6000           5           10  0.1    -1
0.78526 0.84079 0.86105 0.87237 0.87842 0.88263 0.88461 0.88500 0.88763 0.88855 0.89013 0.89092 0.89118 0.89132 0.89118 0.89250 0.89250 0.89289 0.89303 0.89368 0.89329 0.89342 0.89289 0.89382 0.89289 0.89171 0.89145 0.89145 0.89105 0.89105 0.89053 0.89053 0.89079 0.89092 0.89066 0.89039 0.89039 0.89066 0.89039 0.89053 0.89039 0.89000 0.89026 0.89026 0.89026 0.88961 0.88974 0.88961 0.88934 0.89000 
TASK          G_EPOCH_NUM CLIENT_NUM L_DATA_NUM L_EPOCH_NUM L_BATCH_SIZE L_LR SIGMA
AG_NEWS               500          3       6000           5           10 0.05    -1
0.57947 0.70658 TASK          G_EPOCH_NUM CLIENT_NUM L_DATA_NUM L_EPOCH_NUM L_BATCH_SIZE L_LR SIGMA
AG_NEWS               300          3       6000           5           10 0.05    -1
0.58026 0.71039 0.77303 0.80158 0.82211 0.83513 0.84553 0.85211 0.85553 0.85987 0.86263 0.86461 0.86658 0.86737 0.86842 0.86921 0.87000 0.87079 0.87171 0.87211 0.87276 0.87342 0.87408 0.87434 0.87382 0.87395 0.87316 0.87237 0.87184 0.87224 
TASK          G_EPOCH_NUM CLIENT_NUM L_DATA_NUM L_EPOCH_NUM L_BATCH_SIZE L_LR SIGMA
AG_NEWS               300          4       6000           5           10 0.05    -1
0.59079 0.71184 0.77329 0.80316 0.82092 0.83368 0.84263 0.84895 0.85447 0.86066 0.86342 0.86750 0.87092 0.87303 0.87447 0.87579 0.87763 0.87855 0.87947 0.88039 0.88092 0.88132 0.88197 0.88158 0.88132 0.88197 0.88171 0.88237 0.88276 0.88368 
TASK          G_EPOCH_NUM CLIENT_NUM L_DATA_NUM L_EPOCH_NUM L_BATCH_SIZE L_LR SIGMA
AG_NEWS               300          5       6000           5           10 0.05    -1
0.59816 0.71737 0.77289 0.80289 0.82132 0.83329 0.84171 0.84776 0.85171 0.85658 0.86039 0.86237 0.86526 0.86816 0.87013 0.87118 0.87211 0.87382 0.87474 0.87579 0.87671 0.87763 0.87882 0.87895 0.87842 0.87921 0.87934 0.87974 0.88053 0.88105 
TASK          G_EPOCH_NUM CLIENT_NUM L_DATA_NUM L_EPOCH_NUM L_BATCH_SIZE L_LR SIGMA
AG_NEWS               300          6       6000           5           10 0.05    -1
0.57224 0.70132 0.76711 0.80197 0.81934 0.83237 0.84224 0.84763 0.85197 0.85526 0.85934 0.86184 0.86474 0.86684 0.86868 0.86974 0.87184 0.87368 0.87500 0.87684 0.87737 0.87882 0.87961 0.88053 0.88132 0.88197 0.88197 0.88276 0.88342 0.88355 
TASK          G_EPOCH_NUM CLIENT_NUM L_DATA_NUM L_EPOCH_NUM L_BATCH_SIZE L_LR SIGMA
AG_NEWS               300          7       6000           5           10 0.05    -1
0.57171 0.69987 0.76395 0.79868 0.81868 0.82908 0.83882 0.84605 0.85316 0.85829 0.86316 0.86618 0.86921 0.87053 0.87303 0.87447 0.87579 0.87711 0.87882 0.88066 0.88132 0.88237 0.88276 0.88368 0.88421 0.88421 0.88474 0.88526 0.88513 0.88605 
TASK          G_EPOCH_NUM CLIENT_NUM L_DATA_NUM L_EPOCH_NUM L_BATCH_SIZE L_LR SIGMA
AG_NEWS               300          3       6000           5           50 0.01    -1
0.33250 0.38697 0.42961 0.46079 0.48895 0.50974 0.53171 0.54737 0.56329 0.57724 0.58934 0.60211 0.61855 0.63434 0.64671 0.65697 0.66684 0.67816 0.68737 0.69750 0.70750 0.71566 0.72263 0.72855 0.73447 0.74184 0.74487 0.74987 0.75421 0.75855 
TASK          G_EPOCH_NUM CLIENT_NUM L_DATA_NUM L_EPOCH_NUM L_BATCH_SIZE L_LR SIGMA
AG_NEWS               300          4       6000           5           50 0.01    -1
0.32750 0.38000 0.42158 0.45408 0.47645 0.49658 0.51803 0.53961 0.55750 0.57684 0.59066 0.60408 0.61632 0.63013 0.64368 0.65513 0.66513 0.67724 0.68684 0.69816 0.70671 0.71355 0.72132 0.72842 0.73618 0.73934 0.74579 0.75026 0.75526 TASK          G_EPOCH_NUM CLIENT_NUM L_DATA_NUM L_EPOCH_NUM L_BATCH_SIZE L_LR SIGMA
AG_NEWS               300          3       6000           5           50 0.025    -1
0.39421 0.47211 0.51592 0.55434 0.58842 0.62224 0.65237 0.67895 0.70066 0.72158 0.74026 0.75105 0.76158 0.77395 0.78395 0.79184 0.79789 0.80250 0.80684 0.81237 0.81658 0.82145 0.82500 TASK          G_EPOCH_NUM CLIENT_NUM L_DATA_NUM L_EPOCH_NUM L_BATCH_SIZE L_LR SIGMA
AG_NEWS               300          3       6000           5           50 0.04    -1
0.43855 0.52855 0.59263 0.64000 0.68618 0.72092 0.74250 0.76250 0.77816 0.78803 0.79776 0.80632 0.81553 0.82066 0.82605 0.83039 0.83513 0.83697 0.84066 0.84329 0.84645 0.84763 0.85026 0.85132 0.85368 0.85461 0.85566 0.85605 0.85737 0.85868 
TASK          G_EPOCH_NUM CLIENT_NUM L_DATA_NUM L_EPOCH_NUM L_BATCH_SIZE L_LR SIGMA
AG_NEWS               300          4       6000           5           50 0.04    -1
0.45013 0.53789 0.59724 0.65039 0.69053 0.72118 0.74500 0.76303 0.77829 0.78816 0.79868 0.80816 0.81553 0.82197 0.82684 0.83092 0.83474 0.83737 0.83987 0.84237 0.84487 0.84711 0.84803 0.85039 0.85303 0.85382 0.85605 0.85711 0.85855 0.86039 
TASK          G_EPOCH_NUM CLIENT_NUM L_DATA_NUM L_EPOCH_NUM L_BATCH_SIZE L_LR SIGMA
AG_NEWS               300          5       6000           5           50 0.04    -1
0.44697 0.52329 0.58421 0.64368 0.69342 0.72474 0.74829 0.76579 0.78224 0.79513 0.80671 0.81105 0.81724 0.82408 0.82908 0.83382 0.83724 0.83947 0.84145 0.84421 0.84553 0.84684 0.84855 0.84987 0.85079 0.85158 0.85368 0.85553 0.85645 0.85697 
TASK          G_EPOCH_NUM CLIENT_NUM L_DATA_NUM L_EPOCH_NUM L_BATCH_SIZE L_LR SIGMA
AG_NEWS               300          6       6000           5           50 0.04    -1
0.45211 0.54368 0.60053 0.65539 0.69842 0.72816 0.75171 0.76737 0.78132 0.79408 0.80132 0.81132 0.81605 0.82276 0.82921 0.83237 0.83618 0.83961 0.84145 0.84526 0.84803 0.85013 0.85211 0.85395 0.85500 0.85711 0.85842 0.85961 0.86118 0.86237 
TASK          G_EPOCH_NUM CLIENT_NUM L_DATA_NUM L_EPOCH_NUM L_BATCH_SIZE L_LR SIGMA
AG_NEWS               300          7       6000           5           50 0.04    -1
0.46526 0.54526 0.60618 0.65382 0.69829 0.72934 0.75171 0.77066 0.78382 0.79776 0.80605 0.81289 0.81842 0.82526 0.83013 0.83434 0.83987 0.84211 0.84513 0.84776 0.85053 0.85303 0.85553 0.85697 0.85974 0.86237 0.86342 0.86474 0.86553 0.86592 
