TASK          G_EPOCH_NUM CLIENT_NUM L_DATA_NUM L_EPOCH_NUM L_BATCH_SIZE L_LR SIGMA
AG_NEWS               500          3       6000           5           10  0.1    -1
TASK          G_EPOCH_NUM CLIENT_NUM L_DATA_NUM L_EPOCH_NUM L_BATCH_SIZE L_LR SIGMA
AG_NEWS               500          3       6000           5           10  0.1    -1
TASK          G_EPOCH_NUM CLIENT_NUM L_DATA_NUM L_EPOCH_NUM L_BATCH_SIZE L_LR SIGMA
AG_NEWS               500          3       6000           5           10  0.1    -1
TASK          G_EPOCH_NUM CLIENT_NUM L_DATA_NUM L_EPOCH_NUM L_BATCH_SIZE L_LR SIGMA
AG_NEWS               500          3       6000           5           10  0.1    -1
0.06482 0.04741 0.04244 0.04060 0.03998 0.03994 0.04024 0.04074 0.04137 0.04208 0.04284 0.04363 0.04443 0.04523 0.04606 0.04689 0.04774 0.04858 0.04941 0.05022 0.05102 0.05182 0.05260 0.05337 0.05413 0.05488 0.05560 0.05630 0.05699 0.05766 0.05831 0.05896 0.05960 0.06022 0.06082 0.06141 0.06198 0.06253 0.06307 0.06359 0.06411 0.06460 0.06509 0.06555 0.06600 0.06644 0.06686 0.06727 0.06767 0.06805 
TASK          G_EPOCH_NUM CLIENT_NUM L_DATA_NUM L_EPOCH_NUM L_BATCH_SIZE L_LR SIGMA
AG_NEWS               500          4       6000           5           10  0.1    -1
0.06447 0.04768 0.04233 0.03997 0.03885 0.03833 0.03817 0.03824 0.03846 0.03877 0.03915 0.03958 0.04006 0.04057 0.04110 0.04165 0.04221 0.04278 0.04337 0.04396 0.04455 0.04514 0.04573 0.04632 0.04690 0.04748 0.04806 0.04864 0.04921 0.04978 0.05034 0.05089 0.05144 0.05199 0.05252 0.05306 0.05358 0.05411 0.05462 0.05513 0.05562 0.05611 0.05660 0.05709 0.05757 0.05805 0.05853 0.05901 0.05948 0.05994 
TASK          G_EPOCH_NUM CLIENT_NUM L_DATA_NUM L_EPOCH_NUM L_BATCH_SIZE L_LR SIGMA
AG_NEWS               500          5       6000           5           10  0.1    -1
0.06444 0.04726 0.04211 0.03985 0.03872 0.03815 0.03790 0.03785 0.03794 0.03814 0.03840 0.03873 0.03910 0.03950 0.03992 0.04036 0.04082 0.04128 0.04175 0.04223 0.04272 0.04321 0.04371 0.04420 0.04470 0.04520 0.04569 0.04618 0.04667 0.04715 0.04764 0.04813 0.04861 0.04909 0.04957 0.05005 0.05052 0.05098 0.05144 0.05190 0.05235 0.05279 0.05322 0.05365 0.05407 0.05449 0.05491 0.05532 0.05573 0.05613 
TASK          G_EPOCH_NUM CLIENT_NUM L_DATA_NUM L_EPOCH_NUM L_BATCH_SIZE L_LR SIGMA
AG_NEWS               500          6       6000           5           10  0.1    -1
0.06463 0.04708 0.04190 0.03967 0.03853 0.03793 0.03761 0.03747 0.03746 0.03755 0.03770 0.03792 0.03819 0.03849 0.03883 0.03919 0.03958 0.03999 0.04041 0.04084 0.04129 0.04174 0.04221 0.04267 0.04314 0.04361 0.04408 0.04456 0.04503 0.04551 0.04597 0.04644 0.04690 0.04736 0.04781 0.04826 0.04871 0.04914 0.04958 0.05000 0.05042 0.05084 0.05125 0.05166 0.05206 0.05245 0.05284 0.05323 0.05362 0.05401 
TASK          G_EPOCH_NUM CLIENT_NUM L_DATA_NUM L_EPOCH_NUM L_BATCH_SIZE L_LR SIGMA
AG_NEWS               500          7       6000           5           10  0.1    -1
0.06947 0.04982 0.04376 0.04100 0.03952 0.03867 0.03817 0.03789 0.03775 0.03771 0.03775 0.03785 0.03799 0.03817 0.03837 0.03860 0.03884 0.03910 0.03937 0.03966 0.03996 0.04027 0.04058 0.04091 0.04123 0.04156 0.04189 0.04222 0.04255 0.04287 0.04319 0.04351 0.04382 0.04414 0.04446 0.04477 0.04509 0.04541 0.04572 0.04603 0.04634 0.04665 0.04695 0.04726 0.04756 0.04786 0.04816 0.04846 0.04876 0.04907 
TASK          G_EPOCH_NUM CLIENT_NUM L_DATA_NUM L_EPOCH_NUM L_BATCH_SIZE L_LR SIGMA
AG_NEWS               500          3       6000           5           10 0.05    -1
0.11318 0.08351 TASK          G_EPOCH_NUM CLIENT_NUM L_DATA_NUM L_EPOCH_NUM L_BATCH_SIZE L_LR SIGMA
AG_NEWS               300          3       6000           5           10 0.05    -1
0.11202 0.08294 0.06599 0.05704 0.05189 0.04870 0.04663 0.04526 0.04435 0.04375 0.04338 0.04318 0.04310 0.04313 0.04323 0.04340 0.04361 0.04387 0.04416 0.04446 0.04478 0.04512 0.04547 0.04583 0.04620 0.04659 0.04699 0.04739 0.04781 0.04823 
TASK          G_EPOCH_NUM CLIENT_NUM L_DATA_NUM L_EPOCH_NUM L_BATCH_SIZE L_LR SIGMA
AG_NEWS               300          4       6000           5           10 0.05    -1
0.11173 0.08312 0.06638 0.05731 0.05194 0.04849 0.04618 0.04457 0.04344 0.04264 0.04207 0.04169 0.04143 0.04128 0.04122 0.04122 0.04126 0.04136 0.04148 0.04164 0.04182 0.04203 0.04225 0.04248 0.04273 0.04300 0.04327 0.04355 0.04384 0.04414 
TASK          G_EPOCH_NUM CLIENT_NUM L_DATA_NUM L_EPOCH_NUM L_BATCH_SIZE L_LR SIGMA
AG_NEWS               300          5       6000           5           10 0.05    -1
0.11096 0.08237 0.06597 0.05706 0.05175 0.04832 0.04598 0.04432 0.04313 0.04225 0.04161 0.04114 0.04080 0.04056 0.04041 0.04031 0.04027 0.04027 0.04031 0.04038 0.04048 0.04060 0.04074 0.04091 0.04109 0.04129 0.04150 0.04172 0.04195 0.04219 
TASK          G_EPOCH_NUM CLIENT_NUM L_DATA_NUM L_EPOCH_NUM L_BATCH_SIZE L_LR SIGMA
AG_NEWS               300          6       6000           5           10 0.05    -1
0.11311 0.08418 0.06718 0.05790 0.05234 0.04873 0.04624 0.04445 0.04312 0.04212 0.04135 0.04075 0.04029 0.03992 0.03965 0.03944 0.03928 0.03918 0.03911 0.03907 0.03907 0.03908 0.03912 0.03918 0.03925 0.03934 0.03944 0.03955 0.03968 0.03982 
TASK          G_EPOCH_NUM CLIENT_NUM L_DATA_NUM L_EPOCH_NUM L_BATCH_SIZE L_LR SIGMA
AG_NEWS               300          7       6000           5           10 0.05    -1
0.11020 0.08218 0.06600 0.05704 0.05164 0.04814 0.04573 0.04401 0.04274 0.04179 0.04106 0.04050 0.04007 0.03974 0.03948 0.03928 0.03913 0.03902 0.03895 0.03890 0.03888 0.03887 0.03889 0.03892 0.03897 0.03903 0.03909 0.03917 0.03926 0.03936 
TASK          G_EPOCH_NUM CLIENT_NUM L_DATA_NUM L_EPOCH_NUM L_BATCH_SIZE L_LR SIGMA
AG_NEWS               300          3       6000           5           50 0.01    -1
0.02741 0.02706 0.02670 0.02631 0.02590 0.02545 0.02497 0.02447 0.02395 0.02341 0.02286 0.02231 0.02175 0.02120 0.02065 0.02012 0.01959 0.01909 0.01860 0.01813 0.01768 0.01725 0.01685 0.01646 0.01609 0.01575 0.01542 0.01511 0.01482 0.01454 
TASK          G_EPOCH_NUM CLIENT_NUM L_DATA_NUM L_EPOCH_NUM L_BATCH_SIZE L_LR SIGMA
AG_NEWS               300          4       6000           5           50 0.01    -1
0.02750 0.02716 0.02681 0.02643 0.02602 0.02558 0.02510 0.02460 0.02408 0.02354 0.02299 0.02243 0.02187 0.02132 0.02077 0.02024 0.01971 0.01920 0.01871 0.01823 0.01778 0.01735 0.01693 0.01654 0.01617 0.01582 0.01548 0.01517 0.01487 0.01459 
TASK          G_EPOCH_NUM CLIENT_NUM L_DATA_NUM L_EPOCH_NUM L_BATCH_SIZE L_LR SIGMA
AG_NEWS               300          3       6000           5           50 0.025    -1
0.02693 0.02596 0.02477 0.02341 0.02197 0.02056 0.01923 0.01801 0.01692 0.01597 0.01513 0.01441 0.01379 0.01324 0.01277 0.01235 0.01199 0.01166 0.01137 0.01112 0.01088 0.01067 0.01048 TASK          G_EPOCH_NUM CLIENT_NUM L_DATA_NUM L_EPOCH_NUM L_BATCH_SIZE L_LR SIGMA
AG_NEWS               300          3       6000           5           50 0.04    -1
0.02640 0.02445 0.02216 0.01988 0.01786 0.01617 0.01481 0.01373 0.01286 0.01216 0.01159 0.01112 0.01073 0.01040 0.01012 0.00987 0.00966 0.00948 0.00932 0.00918 0.00905 0.00894 0.00884 0.00875 0.00867 0.00860 0.00854 0.00848 0.00843 0.00839 
TASK          G_EPOCH_NUM CLIENT_NUM L_DATA_NUM L_EPOCH_NUM L_BATCH_SIZE L_LR SIGMA
AG_NEWS               300          4       6000           5           50 0.04    -1
0.02657 0.02480 0.02268 0.02050 0.01850 0.01678 0.01537 0.01423 0.01332 0.01258 0.01197 0.01146 0.01104 0.01068 0.01037 0.01010 0.00987 0.00966 0.00948 0.00932 0.00917 0.00904 0.00893 0.00882 0.00872 0.00864 0.00856 0.00848 0.00842 0.00836 
TASK          G_EPOCH_NUM CLIENT_NUM L_DATA_NUM L_EPOCH_NUM L_BATCH_SIZE L_LR SIGMA
AG_NEWS               300          5       6000           5           50 0.04    -1
0.02629 0.02436 0.02211 0.01986 0.01784 0.01616 0.01481 0.01372 0.01285 0.01215 0.01157 0.01109 0.01068 0.01034 0.01004 0.00979 0.00956 0.00937 0.00920 0.00904 0.00890 0.00878 0.00867 0.00857 0.00847 0.00839 0.00831 0.00825 0.00818 0.00812 
TASK          G_EPOCH_NUM CLIENT_NUM L_DATA_NUM L_EPOCH_NUM L_BATCH_SIZE L_LR SIGMA
AG_NEWS               300          6       6000           5           50 0.04    -1
0.02647 0.02467 0.02248 0.02027 0.01826 0.01657 0.01519 0.01408 0.01319 0.01247 0.01187 0.01138 0.01097 0.01061 0.01031 0.01005 0.00981 0.00961 0.00943 0.00927 0.00912 0.00899 0.00888 0.00877 0.00867 0.00858 0.00850 0.00843 0.00836 0.00830 
TASK          G_EPOCH_NUM CLIENT_NUM L_DATA_NUM L_EPOCH_NUM L_BATCH_SIZE L_LR SIGMA
AG_NEWS               300          7       6000           5           50 0.04    -1
0.02635 0.02434 0.02201 0.01973 0.01771 0.01603 0.01468 0.01361 0.01276 0.01206 0.01150 0.01103 0.01063 0.01030 0.01001 0.00976 0.00954 0.00935 0.00918 0.00903 0.00889 0.00877 0.00865 0.00855 0.00846 0.00837 0.00829 0.00822 0.00815 0.00809 
