TASK          G_EPOCH_NUM CLIENT_NUM L_DATA_NUM L_EPOCH_NUM L_BATCH_SIZE L_LR SIGMA
AG_NEWS               500          3       6000           5           10  0.1    -1
TASK          G_EPOCH_NUM CLIENT_NUM L_DATA_NUM L_EPOCH_NUM L_BATCH_SIZE L_LR SIGMA
AG_NEWS               500          3       6000           5           10  0.1    -1
TASK          G_EPOCH_NUM CLIENT_NUM L_DATA_NUM L_EPOCH_NUM L_BATCH_SIZE L_LR SIGMA
AG_NEWS               500          3       6000           5           10  0.1    -1
TASK          G_EPOCH_NUM CLIENT_NUM L_DATA_NUM L_EPOCH_NUM L_BATCH_SIZE L_LR SIGMA
AG_NEWS               500          3       6000           5           10  0.1    -1
0.06393 0.04741 0.04256 0.04077 0.04017 0.04016 0.04045 0.04093 0.04154 0.04222 0.04295 0.04372 0.04452 0.04534 0.04617 0.04699 0.04781 0.04862 0.04942 0.05023 0.05102 0.05180 0.05257 0.05333 0.05409 0.05483 0.05556 0.05627 0.05696 0.05764 0.05829 0.05894 0.05956 0.06017 0.06077 0.06135 0.06191 0.06245 0.06298 0.06350 0.06401 0.06452 0.06501 0.06550 0.06597 0.06644 0.06689 0.06733 0.06775 0.06817 
TASK          G_EPOCH_NUM CLIENT_NUM L_DATA_NUM L_EPOCH_NUM L_BATCH_SIZE L_LR SIGMA
AG_NEWS               500          4       6000           5           10  0.1    -1
0.06860 0.04928 0.04332 0.04080 0.03964 0.03916 0.03906 0.03921 0.03950 0.03989 0.04035 0.04087 0.04142 0.04201 0.04262 0.04326 0.04392 0.04460 0.04529 0.04599 0.04669 0.04740 0.04811 0.04882 0.04952 0.05021 0.05088 0.05155 0.05220 0.05285 0.05349 0.05412 0.05473 0.05532 0.05591 0.05648 0.05704 0.05758 0.05812 0.05864 0.05916 0.05968 0.06019 0.06069 0.06118 0.06168 0.06216 0.06264 0.06312 0.06358 
TASK          G_EPOCH_NUM CLIENT_NUM L_DATA_NUM L_EPOCH_NUM L_BATCH_SIZE L_LR SIGMA
AG_NEWS               500          5       6000           5           10  0.1    -1
0.06651 0.04815 0.04263 0.04034 0.03928 0.03883 0.03871 0.03879 0.03901 0.03932 0.03968 0.04007 0.04050 0.04095 0.04142 0.04191 0.04241 0.04290 0.04339 0.04388 0.04437 0.04486 0.04535 0.04583 0.04631 0.04678 0.04725 0.04772 0.04819 0.04865 0.04911 0.04957 0.05002 0.05047 0.05091 0.05135 0.05178 0.05222 0.05265 0.05308 0.05351 0.05393 0.05436 0.05478 0.05520 0.05562 0.05603 0.05644 0.05684 0.05724 
TASK          G_EPOCH_NUM CLIENT_NUM L_DATA_NUM L_EPOCH_NUM L_BATCH_SIZE L_LR SIGMA
AG_NEWS               500          6       6000           5           10  0.1    -1
0.06440 0.04686 0.04149 0.03910 0.03786 0.03719 0.03685 0.03671 0.03671 0.03681 0.03699 0.03722 0.03750 0.03781 0.03815 0.03851 0.03889 0.03928 0.03969 0.04011 0.04053 0.04096 0.04139 0.04182 0.04226 0.04269 0.04311 0.04354 0.04397 0.04439 0.04481 0.04524 0.04566 0.04609 0.04651 0.04693 0.04734 0.04775 0.04816 0.04857 0.04897 0.04938 0.04978 0.05018 0.05058 0.05098 0.05137 0.05176 0.05215 0.05254 
TASK          G_EPOCH_NUM CLIENT_NUM L_DATA_NUM L_EPOCH_NUM L_BATCH_SIZE L_LR SIGMA
AG_NEWS               500          7       6000           5           10  0.1    -1
0.06376 0.04655 0.04129 0.03890 0.03762 0.03686 0.03640 0.03613 0.03600 0.03597 0.03602 0.03614 0.03632 0.03654 0.03679 0.03706 0.03735 0.03766 0.03798 0.03832 0.03867 0.03902 0.03938 0.03974 0.04010 0.04046 0.04083 0.04119 0.04156 0.04194 0.04231 0.04269 0.04307 0.04345 0.04383 0.04422 0.04460 0.04498 0.04536 0.04574 0.04612 0.04649 0.04687 0.04725 0.04763 0.04802 0.04840 0.04878 0.04916 0.04953 
TASK          G_EPOCH_NUM CLIENT_NUM L_DATA_NUM L_EPOCH_NUM L_BATCH_SIZE L_LR SIGMA
AG_NEWS               500          3       6000           5           10 0.05    -1
0.11146 0.08232 TASK          G_EPOCH_NUM CLIENT_NUM L_DATA_NUM L_EPOCH_NUM L_BATCH_SIZE L_LR SIGMA
AG_NEWS               300          3       6000           5           10 0.05    -1
0.11258 0.08362 0.06657 0.05732 0.05193 0.04857 0.04639 0.04495 0.04398 0.04335 0.04296 0.04274 0.04266 0.04267 0.04277 0.04293 0.04314 0.04340 0.04370 0.04402 0.04435 0.04469 0.04504 0.04540 0.04577 0.04615 0.04653 0.04693 0.04732 0.04771 
TASK          G_EPOCH_NUM CLIENT_NUM L_DATA_NUM L_EPOCH_NUM L_BATCH_SIZE L_LR SIGMA
AG_NEWS               300          4       6000           5           10 0.05    -1
0.11104 0.08223 0.06592 0.05710 0.05183 0.04842 0.04609 0.04446 0.04329 0.04245 0.04185 0.04143 0.04114 0.04095 0.04085 0.04081 0.04083 0.04089 0.04100 0.04113 0.04130 0.04148 0.04169 0.04192 0.04216 0.04240 0.04266 0.04293 0.04320 0.04348 
TASK          G_EPOCH_NUM CLIENT_NUM L_DATA_NUM L_EPOCH_NUM L_BATCH_SIZE L_LR SIGMA
AG_NEWS               300          5       6000           5           10 0.05    -1
0.11214 0.08340 0.06666 0.05752 0.05210 0.04863 0.04630 0.04467 0.04350 0.04266 0.04204 0.04160 0.04128 0.04106 0.04092 0.04084 0.04080 0.04081 0.04085 0.04092 0.04102 0.04115 0.04129 0.04146 0.04164 0.04183 0.04203 0.04225 0.04248 0.04271 
TASK          G_EPOCH_NUM CLIENT_NUM L_DATA_NUM L_EPOCH_NUM L_BATCH_SIZE L_LR SIGMA
AG_NEWS               300          6       6000           5           10 0.05    -1
0.11306 0.08462 0.06741 0.05798 0.05236 0.04875 0.04627 0.04451 0.04322 0.04225 0.04152 0.04096 0.04053 0.04021 0.03998 0.03980 0.03968 0.03960 0.03956 0.03955 0.03956 0.03960 0.03965 0.03973 0.03981 0.03991 0.04002 0.04015 0.04029 0.04043 
TASK          G_EPOCH_NUM CLIENT_NUM L_DATA_NUM L_EPOCH_NUM L_BATCH_SIZE L_LR SIGMA
AG_NEWS               300          7       6000           5           10 0.05    -1
0.11166 0.08275 0.06594 0.05688 0.05152 0.04806 0.04568 0.04397 0.04270 0.04173 0.04098 0.04040 0.03995 0.03959 0.03932 0.03910 0.03894 0.03882 0.03874 0.03869 0.03866 0.03865 0.03866 0.03869 0.03874 0.03879 0.03886 0.03895 0.03904 0.03914 
TASK          G_EPOCH_NUM CLIENT_NUM L_DATA_NUM L_EPOCH_NUM L_BATCH_SIZE L_LR SIGMA
AG_NEWS               300          3       6000           5           50 0.01    -1
0.02752 0.02717 0.02681 0.02643 0.02601 0.02555 0.02506 0.02455 0.02401 0.02345 0.02289 0.02233 0.02176 0.02120 0.02064 0.02010 0.01957 0.01906 0.01856 0.01808 0.01763 0.01719 0.01678 0.01639 0.01601 0.01566 0.01533 0.01501 0.01471 0.01443 
TASK          G_EPOCH_NUM CLIENT_NUM L_DATA_NUM L_EPOCH_NUM L_BATCH_SIZE L_LR SIGMA
AG_NEWS               300          4       6000           5           50 0.01    -1
0.02732 0.02697 0.02660 0.02619 0.02575 0.02527 0.02475 0.02421 0.02365 0.02308 0.02251 0.02193 0.02135 0.02079 0.02023 0.01969 0.01916 0.01866 0.01818 0.01772 0.01728 0.01686 0.01647 0.01609 0.01574 0.01540 0.01509 0.01479 0.01451 TASK          G_EPOCH_NUM CLIENT_NUM L_DATA_NUM L_EPOCH_NUM L_BATCH_SIZE L_LR SIGMA
AG_NEWS               300          3       6000           5           50 0.025    -1
0.02688 0.02589 0.02471 0.02337 0.02196 0.02056 0.01923 0.01800 0.01691 0.01595 0.01511 0.01438 0.01374 0.01318 0.01270 0.01227 0.01189 0.01156 0.01126 0.01099 0.01076 0.01054 0.01035 0.01017 TASK          G_EPOCH_NUM CLIENT_NUM L_DATA_NUM L_EPOCH_NUM L_BATCH_SIZE L_LR SIGMA
AG_NEWS               300          3       6000           5           50 0.04    -1
0.02633 0.02445 0.02227 0.02007 0.01807 0.01638 0.01500 0.01390 0.01302 0.01231 0.01173 0.01126 0.01086 0.01053 0.01024 0.01000 0.00979 0.00961 0.00944 0.00930 0.00918 0.00906 0.00896 0.00888 0.00880 0.00872 0.00866 0.00860 0.00855 0.00851 
TASK          G_EPOCH_NUM CLIENT_NUM L_DATA_NUM L_EPOCH_NUM L_BATCH_SIZE L_LR SIGMA
AG_NEWS               300          4       6000           5           50 0.04    -1
0.02619 0.02422 0.02199 0.01978 0.01781 0.01617 0.01483 0.01376 0.01290 0.01219 0.01161 0.01113 0.01073 0.01038 0.01008 0.00983 0.00960 0.00940 0.00923 0.00907 0.00893 0.00881 0.00870 0.00859 0.00850 0.00842 0.00834 0.00827 0.00821 0.00815 
TASK          G_EPOCH_NUM CLIENT_NUM L_DATA_NUM L_EPOCH_NUM L_BATCH_SIZE L_LR SIGMA
AG_NEWS               300          5       6000           5           50 0.04    -1
0.02636 0.02437 0.02204 0.01975 0.01772 0.01606 0.01473 0.01367 0.01283 0.01216 0.01160 0.01114 0.01075 0.01042 0.01014 0.00990 0.00968 0.00949 0.00932 0.00918 0.00904 0.00892 0.00881 0.00872 0.00863 0.00854 0.00847 0.00840 0.00834 0.00828 
TASK          G_EPOCH_NUM CLIENT_NUM L_DATA_NUM L_EPOCH_NUM L_BATCH_SIZE L_LR SIGMA
AG_NEWS               300          6       6000           5           50 0.04    -1
0.02620 0.02428 0.02204 0.01980 0.01779 0.01612 0.01478 0.01371 0.01284 0.01215 0.01157 0.01110 0.01070 0.01036 0.01006 0.00981 0.00959 0.00939 0.00922 0.00907 0.00893 0.00880 0.00869 0.00859 0.00850 0.00841 0.00833 0.00826 0.00819 0.00813 
TASK          G_EPOCH_NUM CLIENT_NUM L_DATA_NUM L_EPOCH_NUM L_BATCH_SIZE L_LR SIGMA
AG_NEWS               300          7       6000           5           50 0.04    -1
0.02622 0.02423 0.02192 0.01963 0.01760 0.01594 0.01461 0.01356 0.01272 0.01204 0.01149 0.01103 0.01064 0.01031 0.01002 0.00978 0.00956 0.00937 0.00920 0.00905 0.00892 0.00880 0.00868 0.00858 0.00849 0.00841 0.00833 0.00826 0.00819 0.00813 
